 prec,T,Wliq,WliqTop,PsiS,Mbe,tr_spafhy,ground_evap,infil,drain,roff,pondsto,swe,swe_l,swe_i,canopy_evap,canopy_mbe,CanopyStorage,Trfall,LE
0.00000,8.81500,0.395999,0.269918,-0.380881E-2,-0.520417E-17,0.242757E-6,0.329978E-5,0.00000,0.720000E-2,0.100000E-15,-0.100000E-15,0.00000,0.00000,0.00000,0.100000E-18,0.00000,-0.100000E-15,0.00000,2.43967
0.00000,7.58499,0.377996,0.269838,-0.780014E-2,0.780626E-17,0.145658E-5,0.317790E-5,-0.898469E-16,0.720000E-2,0.100000E-15,-0.100000E-15,0.00000,0.00000,0.00000,0.00000,0.00000,-0.100000E-15,0.00000,3.19542
0.00000,8.70499,0.359986,0.269583,-0.160694E-1,0.607153E-17,0.571922E-5,0.101845E-4,-0.898201E-16,0.719829E-2,0.100000E-15,-0.100000E-15,0.00000,0.00000,0.00000,0.00000,0.00000,-0.100000E-15,0.00000,10.9537
0.00000,10.4300,0.359953,0.269070,-0.160908E-1,0.121295E-17,0.130670E-4,0.205250E-4,-0.897342E-16,0.00000,0.100000E-15,-0.100000E-15,0.00000,0.00000,0.00000,0.00000,0.00000,-0.100000E-15,0.00000,23.0983
0.00000,11.5700,0.359897,0.268195,-0.161273E-1,-0.405898E-17,0.222930E-4,0.349963E-4,-0.895610E-16,0.00000,0.100000E-15,-0.100000E-15,0.00000,0.00000,0.00000,0.00000,0.00000,-0.100000E-15,0.00000,39.3500
0.00000,13.1500,0.359811,0.266862,-0.161840E-1,0.144199E-16,0.345843E-4,0.533428E-4,-0.892657E-16,0.00000,0.100000E-15,-0.100000E-15,0.00000,0.00000,0.00000,0.00000,0.00000,-0.100000E-15,0.00000,60.3026
0.00000,14.5250,0.359695,0.265155,-0.162607E-1,0.817217E-17,0.464819E-4,0.682837E-4,-0.888156E-16,0.00000,0.100000E-15,-0.100000E-15,0.00000,0.00000,0.00000,0.00000,0.00000,-0.100000E-15,0.00000,78.6052
0.00000,15.8800,0.359544,0.263050,-0.163604E-1,0.143657E-16,0.601015E-4,0.841813E-4,-0.882395E-16,0.00000,0.100000E-15,-0.100000E-15,0.00000,0.00000,0.00000,0.00000,0.00000,-0.100000E-15,0.00000,98.6934
0.00000,17.2100,0.359372,0.260802,-0.164753E-1,0.144470E-16,0.688431E-4,0.899258E-4,-0.875292E-16,0.00000,0.100000E-15,-0.100000E-15,0.00000,0.00000,0.00000,0.00000,0.00000,-0.100000E-15,0.00000,108.463
0.00000,17.7500,0.359210,0.258819,-0.165846E-1,0.718284E-17,0.650008E-4,0.793402E-4,-0.867704E-16,0.00000,0.100000E-15,-0.100000E-15,0.00000,0.00000,0.00000,0.00000,0.00000,-0.100000E-15,0.00000,98.5555
0.00000,18.6150,0.359005,0.256279,-0.167237E-1,-0.937835E-17,0.820685E-4,0.101601E-3,-0.861009E-16,0.00000,0.100000E-15,-0.100000E-15,0.00000,0.00000,0.00000,0.00000,0.00000,-0.100000E-15,0.00000,125.304
0.00000,19.4050,0.358782,0.253583,-0.168757E-1,0.113028E-16,0.888590E-4,0.107811E-3,-0.852437E-16,0.00000,0.100000E-15,-0.100000E-15,0.00000,0.00000,0.00000,0.00000,0.00000,-0.100000E-15,0.00000,134.071
0.00000,19.4400,0.358595,0.251477,-0.170050E-1,-0.205998E-17,0.749836E-4,0.842339E-4,-0.843340E-16,0.00000,0.100000E-15,-0.100000E-15,0.00000,0.00000,0.00000,0.00000,0.00000,-0.100000E-15,0.00000,108.536
0.00000,19.8750,0.358423,0.249650,-0.171246E-1,0.120075E-16,0.687515E-4,0.731144E-4,-0.836233E-16,0.00000,0.100000E-15,-0.100000E-15,0.00000,0.00000,0.00000,0.00000,0.00000,-0.100000E-15,0.00000,96.6671
0.00000,19.0300,0.358330,0.248794,-0.171896E-1,-0.757586E-17,0.372007E-4,0.342113E-4,-0.830063E-16,0.00000,0.100000E-15,-0.100000E-15,0.00000,0.00000,0.00000,0.00000,0.00000,-0.100000E-15,0.00000,48.6997
0.00000,18.7850,0.358210,0.247569,-0.172743E-1,-0.929703E-17,0.482271E-4,0.489988E-4,-0.827177E-16,0.00000,0.100000E-15,-0.100000E-15,0.00000,0.00000,0.00000,0.00000,0.00000,-0.100000E-15,0.00000,66.3192
0.00000,18.0050,0.358137,0.246891,-0.173255E-1,0.236492E-17,0.290648E-4,0.271224E-4,-0.823042E-16,0.00000,0.100000E-15,-0.100000E-15,0.00000,0.00000,0.00000,0.00000,0.00000,-0.100000E-15,0.00000,38.3550
0.00000,17.0900,0.358087,0.246404,-0.173608E-1,0.916828E-17,0.199297E-4,0.194884E-4,-0.820754E-16,0.00000,0.100000E-15,-0.100000E-15,0.00000,0.00000,0.00000,0.00000,0.00000,-0.100000E-15,0.00000,26.9317
0.00000,14.6100,0.358066,0.246145,-0.173756E-1,-0.977815E-17,0.836697E-5,0.103569E-4,-0.819109E-16,0.00000,0.100000E-15,-0.100000E-15,0.00000,0.00000,0.00000,0.00000,0.00000,-0.100000E-15,0.00000,12.8233
0.00000,10.9350,0.358062,0.246056,-0.173785E-1,0.898448E-17,0.164346E-5,0.356080E-5,-0.818236E-16,0.00000,0.100000E-15,-0.100000E-15,0.00000,0.00000,0.00000,0.00000,0.00000,-0.100000E-15,0.00000,3.57680
0.00000,8.82001,0.358062,0.246023,-0.173788E-1,0.891185E-17,0.139647E-6,0.133520E-5,-0.817935E-16,0.00000,0.100000E-15,-0.100000E-15,0.00000,0.00000,0.00000,0.00000,0.00000,-0.100000E-15,0.00000,1.01569
0.00000,7.97501,0.358062,0.246004,-0.173788E-1,-0.439504E-17,0.779225E-8,0.743068E-6,-0.817822E-16,0.00000,0.100000E-15,-0.100000E-15,0.00000,0.00000,0.00000,0.00000,0.00000,-0.100000E-15,0.00000,0.517517
0.00000,7.13501,0.358062,0.245994,-0.173788E-1,-0.971383E-17,0.759787E-8,0.423472E-6,-0.817760E-16,0.00000,0.100000E-15,-0.100000E-15,0.00000,0.00000,0.00000,0.00000,0.00000,-0.100000E-15,0.00000,0.297345
0.00000,6.64999,0.358062,0.245985,-0.173788E-1,-0.619853E-17,0.748651E-8,0.332148E-6,-0.817724E-16,0.00000,0.100000E-15,-0.100000E-15,0.00000,0.00000,0.00000,0.00000,0.00000,-0.100000E-15,0.00000,0.234383
0.00000,6.15500,0.358061,0.245978,-0.173790E-1,-0.742176E-17,0.901116E-7,0.303510E-6,-0.817696E-16,0.00000,0.100000E-15,-0.100000E-15,0.00000,0.00000,0.00000,0.00000,0.00000,-0.100000E-15,0.00000,0.271768
0.00000,5.59500,0.358060,0.245954,-0.173802E-1,-0.156551E-16,0.717905E-6,0.952352E-6,-0.817670E-16,0.00000,0.100000E-15,-0.100000E-15,0.00000,0.00000,0.00000,0.00000,0.00000,-0.100000E-15,0.00000,1.15381
0.00000,6.42502,0.358054,0.245832,-0.173844E-1,-0.228360E-17,0.233305E-5,0.488501E-5,-0.817590E-16,0.00000,0.100000E-15,-0.100000E-15,0.00000,0.00000,0.00000,0.00000,0.00000,-0.100000E-15,0.00000,4.98228
0.00000,10.1950,0.358033,0.245440,-0.173992E-1,0.157887E-17,0.836729E-5,0.156805E-4,-0.817178E-16,0.00000,0.100000E-15,-0.100000E-15,0.00000,0.00000,0.00000,0.00000,0.00000,-0.100000E-15,0.00000,16.5393
0.00000,16.1200,0.357956,0.244620,-0.174542E-1,-0.126987E-16,0.309355E-4,0.327723E-4,-0.815855E-16,0.00000,0.100000E-15,-0.100000E-15,0.00000,0.00000,0.00000,0.00000,0.00000,-0.100000E-15,0.00000,43.5678
0.00000,18.3600,0.357831,0.243419,-0.175430E-1,0.426905E-17,0.497551E-4,0.480619E-4,-0.813090E-16,0.00000,0.100000E-15,-0.100000E-15,0.00000,0.00000,0.00000,0.00000,0.00000,-0.100000E-15,0.00000,66.7499
0.00000,19.5800,0.357667,0.241857,-0.176608E-1,-0.123328E-16,0.656302E-4,0.624558E-4,-0.809034E-16,0.00000,0.100000E-15,-0.100000E-15,0.00000,0.00000,0.00000,0.00000,0.00000,-0.100000E-15,0.00000,87.3024
0.00000,19.9600,0.357477,0.240013,-0.177985E-1,0.224972E-17,0.761194E-4,0.737614E-4,-0.803764E-16,0.00000,0.100000E-15,-0.100000E-15,0.00000,0.00000,0.00000,0.00000,0.00000,-0.100000E-15,0.00000,102.120
0.00000,21.3700,0.357251,0.237814,-0.179632E-1,-0.615285E-17,0.902169E-4,0.879806E-4,-0.797541E-16,0.00000,0.100000E-15,-0.100000E-15,0.00000,0.00000,0.00000,0.00000,0.00000,-0.100000E-15,0.00000,121.248
0.00000,21.5450,0.357032,0.235744,-0.181248E-1,0.506865E-17,0.876540E-4,0.828037E-4,-0.790117E-16,0.00000,0.100000E-15,-0.100000E-15,0.00000,0.00000,0.00000,0.00000,0.00000,-0.100000E-15,0.00000,115.962
0.00000,20.9150,0.356904,0.234678,-0.182199E-1,-0.153821E-16,0.512435E-4,0.426327E-4,-0.783130E-16,0.00000,0.100000E-15,-0.100000E-15,0.00000,0.00000,0.00000,0.00000,0.00000,-0.100000E-15,0.00000,63.9027
0.00000,21.1400,0.356699,0.232724,-0.183732E-1,0.203288E-17,0.819876E-4,0.781481E-4,-0.779533E-16,0.00000,0.100000E-15,-0.100000E-15,0.00000,0.00000,0.00000,0.00000,0.00000,-0.100000E-15,0.00000,108.983
0.00000,21.1950,0.356498,0.230890,-0.185249E-1,0.327971E-17,0.804063E-4,0.733615E-4,-0.772939E-16,0.00000,0.100000E-15,-0.100000E-15,0.00000,0.00000,0.00000,0.00000,0.00000,-0.100000E-15,0.00000,104.643
0.00000,21.3250,0.356307,0.229165,-0.186703E-1,0.539391E-17,0.764567E-4,0.690117E-4,-0.766749E-16,0.00000,0.100000E-15,-0.100000E-15,0.00000,0.00000,0.00000,0.00000,0.00000,-0.100000E-15,0.00000,98.9829
0.00000,20.7850,0.356142,0.227795,-0.187966E-1,-0.141895E-16,0.658904E-4,0.548072E-4,-0.760926E-16,0.00000,0.100000E-15,-0.100000E-15,0.00000,0.00000,0.00000,0.00000,0.00000,-0.100000E-15,0.00000,82.1707
0.00000,20.7700,0.356005,0.226693,-0.189027E-1,-0.532614E-17,0.549934E-4,0.440687E-4,-0.756302E-16,0.00000,0.100000E-15,-0.100000E-15,0.00000,0.00000,0.00000,0.00000,0.00000,-0.100000E-15,0.00000,67.4423
0.00000,20.4750,0.355898,0.225883,-0.189852E-1,-0.118314E-16,0.425696E-4,0.324138E-4,-0.752583E-16,0.00000,0.100000E-15,-0.100000E-15,0.00000,0.00000,0.00000,0.00000,0.00000,-0.100000E-15,0.00000,51.0639
0.00000,19.5050,0.355834,0.225404,-0.190352E-1,-0.194682E-16,0.256621E-4,0.191350E-4,-0.749848E-16,0.00000,0.100000E-15,-0.100000E-15,0.00000,0.00000,0.00000,0.00000,0.00000,-0.100000E-15,0.00000,30.5355
0.00000,15.5500,0.355813,0.225180,-0.190520E-1,-0.132171E-16,0.862173E-5,0.898969E-5,-0.748234E-16,0.00000,0.100000E-15,-0.100000E-15,0.00000,0.00000,0.00000,0.00000,0.00000,-0.100000E-15,0.00000,12.0505
0.00000,12.3850,0.355808,0.225110,-0.190557E-1,-0.980271E-17,0.190631E-5,0.279354E-5,-0.747475E-16,0.00000,0.100000E-15,-0.100000E-15,0.00000,0.00000,0.00000,0.00000,0.00000,-0.100000E-15,0.00000,3.22564
0.00000,10.2550,0.355807,0.225069,-0.190561E-1,-0.509173E-17,0.192575E-6,0.161762E-5,-0.747240E-16,0.00000,0.100000E-15,-0.100000E-15,0.00000,0.00000,0.00000,0.00000,0.00000,-0.100000E-15,0.00000,1.24492
0.00000,9.09000,0.355807,0.225045,-0.190561E-1,-0.193092E-16,0.805323E-8,0.969350E-6,-0.747103E-16,0.00000,0.100000E-15,-0.100000E-15,0.00000,0.00000,0.00000,0.00000,0.00000,-0.100000E-15,0.00000,0.672940
0.00000,8.24500,0.355807,0.225027,-0.190561E-1,-0.113154E-16,0.785512E-8,0.715299E-6,-0.747021E-16,0.00000,0.100000E-15,-0.100000E-15,0.00000,0.00000,0.00000,0.00000,0.00000,-0.100000E-15,0.00000,0.498292
0.00000,8.07999,0.355807,0.225016,-0.190561E-1,-0.113652E-16,0.781666E-8,0.432519E-6,-0.746961E-16,0.00000,0.100000E-15,-0.100000E-15,0.00000,0.00000,0.00000,0.00000,0.00000,-0.100000E-15,0.00000,0.303463
0.00000,8.54501,0.355807,0.225008,-0.190564E-1,-0.222697E-16,0.134622E-6,0.338229E-6,-0.746925E-16,0.00000,0.100000E-15,-0.100000E-15,0.00000,0.00000,0.00000,0.00000,0.00000,-0.100000E-15,0.00000,0.325726
0.00000,7.88501,0.355805,0.224990,-0.190578E-1,-0.175300E-16,0.743359E-6,0.735643E-6,-0.746896E-16,0.00000,0.100000E-15,-0.100000E-15,0.00000,0.00000,0.00000,0.00000,0.00000,-0.100000E-15,0.00000,1.01946
0.00000,9.39499,0.355801,0.224945,-0.190612E-1,-0.136262E-16,0.170765E-5,0.179371E-5,-0.746834E-16,0.00000,0.100000E-15,-0.100000E-15,0.00000,0.00000,0.00000,0.00000,0.00000,-0.100000E-15,0.00000,2.40997
0.00000,11.5050,0.355787,0.224802,-0.190716E-1,-0.108624E-16,0.534798E-5,0.569353E-5,-0.746683E-16,0.00000,0.100000E-15,-0.100000E-15,0.00000,0.00000,0.00000,0.00000,0.00000,-0.100000E-15,0.00000,7.58450
0.00000,14.7600,0.355739,0.224367,-0.191093E-1,-0.442490E-17,0.192748E-4,0.173996E-4,-0.746202E-16,0.00000,0.100000E-15,-0.100000E-15,0.00000,0.00000,0.00000,0.00000,0.00000,-0.100000E-15,0.00000,25.1134
0.00000,17.8050,0.355624,0.223446,-0.191999E-1,-0.149213E-16,0.462013E-4,0.368576E-4,-0.744734E-16,0.00000,0.100000E-15,-0.100000E-15,0.00000,0.00000,0.00000,0.00000,0.00000,-0.100000E-15,0.00000,56.7093
0.00000,19.4900,0.355467,0.222242,-0.193234E-1,-0.198002E-16,0.625829E-4,0.481642E-4,-0.741624E-16,0.00000,0.100000E-15,-0.100000E-15,0.00000,0.00000,0.00000,0.00000,0.00000,-0.100000E-15,0.00000,75.4908
0.00000,20.6900,0.355297,0.220983,-0.194585E-1,-0.187703E-16,0.679593E-4,0.503474E-4,-0.737560E-16,0.00000,0.100000E-15,-0.100000E-15,0.00000,0.00000,0.00000,0.00000,0.00000,-0.100000E-15,0.00000,80.5504
0.00000,21.2400,0.355096,0.219452,-0.196195E-1,-0.902598E-17,0.803745E-4,0.612663E-4,-0.733312E-16,0.00000,0.100000E-15,-0.100000E-15,0.00000,0.00000,0.00000,0.00000,0.00000,-0.100000E-15,0.00000,96.3864
0.00000,21.9600,0.354873,0.217715,-0.197997E-1,-0.156396E-16,0.891620E-4,0.694459E-4,-0.728143E-16,0.00000,0.100000E-15,-0.100000E-15,0.00000,0.00000,0.00000,0.00000,0.00000,-0.100000E-15,0.00000,107.857
0.00000,23.1150,0.354649,0.216031,-0.199827E-1,-0.173743E-16,0.896624E-4,0.673582E-4,-0.722283E-16,0.00000,0.100000E-15,-0.100000E-15,0.00000,0.00000,0.00000,0.00000,0.00000,-0.100000E-15,0.00000,106.659
0.00000,22.3650,0.354433,0.214400,-0.201614E-1,-0.116823E-16,0.867138E-4,0.652707E-4,-0.716599E-16,0.00000,0.100000E-15,-0.100000E-15,0.00000,0.00000,0.00000,0.00000,0.00000,-0.100000E-15,0.00000,103.313
0.00000,21.7000,0.354219,0.212795,-0.203391E-1,-0.181604E-16,0.854754E-4,0.641839E-4,-0.711092E-16,0.00000,0.100000E-15,-0.100000E-15,0.00000,0.00000,0.00000,0.00000,0.00000,-0.100000E-15,0.00000,101.798
0.00000,21.1900,0.354032,0.211436,-0.204961E-1,-0.176996E-16,0.748557E-4,0.543535E-4,-0.705676E-16,0.00000,0.100000E-15,-0.100000E-15,0.00000,0.00000,0.00000,0.00000,0.00000,-0.100000E-15,0.00000,87.9309
0.00000,20.3600,0.353878,0.210417,-0.206261E-1,-0.337458E-17,0.614759E-4,0.407776E-4,-0.701090E-16,0.00000,0.100000E-15,-0.100000E-15,0.00000,0.00000,0.00000,0.00000,0.00000,-0.100000E-15,0.00000,69.6427
0.00000,20.7400,0.353743,0.209553,-0.207410E-1,-0.235136E-16,0.540778E-4,0.345580E-4,-0.697650E-16,0.00000,0.100000E-15,-0.100000E-15,0.00000,0.00000,0.00000,0.00000,0.00000,-0.100000E-15,0.00000,60.3458
0.00000,20.7700,0.353630,0.208865,-0.208375E-1,-0.108420E-17,0.451065E-4,0.275144E-4,-0.694734E-16,0.00000,0.100000E-15,-0.100000E-15,0.00000,0.00000,0.00000,0.00000,0.00000,-0.100000E-15,0.00000,49.4409
0.00000,19.5600,0.353562,0.208477,-0.208961E-1,0.230732E-16,0.273046E-4,0.155010E-4,-0.692412E-16,0.00000,0.100000E-15,-0.100000E-15,0.00000,0.00000,0.00000,0.00000,0.00000,-0.100000E-15,0.00000,29.1765
0.00000,16.1000,0.353538,0.208271,-0.209163E-1,0.149450E-16,0.942411E-5,0.824650E-5,-0.691104E-16,0.00000,0.100000E-15,-0.100000E-15,0.00000,0.00000,0.00000,0.00000,0.00000,-0.100000E-15,0.00000,12.0846
0.00000,12.5450,0.353533,0.208200,-0.209211E-1,0.134839E-16,0.219889E-5,0.284382E-5,-0.690408E-16,0.00000,0.100000E-15,-0.100000E-15,0.00000,0.00000,0.00000,0.00000,0.00000,-0.100000E-15,0.00000,3.46042
0.00000,10.8000,0.353532,0.208171,-0.209216E-1,0.221256E-16,0.234689E-6,0.118258E-5,-0.690168E-16,0.00000,0.100000E-15,-0.100000E-15,0.00000,0.00000,0.00000,0.00000,0.00000,-0.100000E-15,0.00000,0.974191
0.00000,9.14499,0.353532,0.208160,-0.209216E-1,0.101648E-16,0.806617E-8,0.419791E-6,-0.690069E-16,0.00000,0.100000E-15,-0.100000E-15,0.00000,0.00000,0.00000,0.00000,0.00000,-0.100000E-15,0.00000,0.294563
0.00000,8.41000,0.353532,0.208151,-0.209216E-1,0.230906E-16,0.789363E-8,0.366093E-6,-0.690033E-16,0.00000,0.100000E-15,-0.100000E-15,0.00000,0.00000,0.00000,0.00000,0.00000,-0.100000E-15,0.00000,0.257656
0.00000,8.27499,0.353532,0.208144,-0.209216E-1,0.475265E-17,0.786209E-8,0.296214E-6,-0.690002E-16,0.00000,0.100000E-15,-0.100000E-15,0.00000,0.00000,0.00000,0.00000,0.00000,-0.100000E-15,0.00000,0.209519
0.00000,7.57999,0.353532,0.208139,-0.209219E-1,0.677356E-17,0.146633E-6,0.191146E-6,-0.689977E-16,0.00000,0.100000E-15,-0.100000E-15,0.00000,0.00000,0.00000,0.00000,0.00000,-0.100000E-15,0.00000,0.232896
0.00000,7.17001,0.353529,0.208121,-0.209240E-1,0.157427E-16,0.939775E-6,0.703544E-6,-0.689961E-16,0.00000,0.100000E-15,-0.100000E-15,0.00000,0.00000,0.00000,0.00000,0.00000,-0.100000E-15,0.00000,1.13350
0.00000,8.36002,0.353522,0.208044,-0.209306E-1,0.249239E-16,0.309948E-5,0.308639E-5,-0.689902E-16,0.00000,0.100000E-15,-0.100000E-15,0.00000,0.00000,0.00000,0.00000,0.00000,-0.100000E-15,0.00000,4.26193
0.00000,12.2750,0.353493,0.207800,-0.209550E-1,0.233036E-16,0.113282E-4,0.976637E-5,-0.689641E-16,0.00000,0.100000E-15,-0.100000E-15,0.00000,0.00000,0.00000,0.00000,0.00000,-0.100000E-15,0.00000,14.4793
0.00000,16.5800,0.353423,0.207334,-0.210160E-1,0.186551E-16,0.282460E-4,0.186209E-4,-0.688817E-16,0.00000,0.100000E-15,-0.100000E-15,0.00000,0.00000,0.00000,0.00000,0.00000,-0.100000E-15,0.00000,32.0367
0.00000,20.1250,0.353298,0.206613,-0.211238E-1,0.158565E-17,0.497181E-4,0.288656E-4,-0.687246E-16,0.00000,0.100000E-15,-0.100000E-15,0.00000,0.00000,0.00000,0.00000,0.00000,-0.100000E-15,0.00000,53.5338
0.00000,20.9300,0.353142,0.205684,-0.212603E-1,0.799599E-18,0.625965E-4,0.371618E-4,-0.684811E-16,0.00000,0.100000E-15,-0.100000E-15,0.00000,0.00000,0.00000,0.00000,0.00000,-0.100000E-15,0.00000,67.9058
0.00000,21.4150,0.352958,0.204526,-0.214219E-1,0.215892E-16,0.735379E-4,0.463034E-4,-0.681675E-16,0.00000,0.100000E-15,-0.100000E-15,0.00000,0.00000,0.00000,0.00000,0.00000,-0.100000E-15,0.00000,81.5380
0.00000,22.9400,0.352747,0.203206,-0.216094E-1,0.149078E-16,0.846087E-4,0.527960E-4,-0.677768E-16,0.00000,0.100000E-15,-0.100000E-15,0.00000,0.00000,0.00000,0.00000,0.00000,-0.100000E-15,0.00000,93.3499
0.00000,22.9100,0.352527,0.201824,-0.218059E-1,0.101102E-16,0.878155E-4,0.552885E-4,-0.673313E-16,0.00000,0.100000E-15,-0.100000E-15,0.00000,0.00000,0.00000,0.00000,0.00000,-0.100000E-15,0.00000,97.2248
0.00000,22.9850,0.352306,0.200441,-0.220054E-1,0.114925E-16,0.883311E-4,0.553259E-4,-0.668648E-16,0.00000,0.100000E-15,-0.100000E-15,0.00000,0.00000,0.00000,0.00000,0.00000,-0.100000E-15,0.00000,97.5934
0.00000,23.2450,0.352083,0.199062,-0.222086E-1,0.241777E-16,0.891387E-4,0.551396E-4,-0.663980E-16,0.00000,0.100000E-15,-0.100000E-15,0.00000,0.00000,0.00000,0.00000,0.00000,-0.100000E-15,0.00000,97.9908
0.00000,22.6200,0.351904,0.198018,-0.223740E-1,0.197189E-16,0.718983E-4,0.417847E-4,-0.659327E-16,0.00000,0.100000E-15,-0.100000E-15,0.00000,0.00000,0.00000,0.00000,0.00000,-0.100000E-15,0.00000,77.2578
0.00000,22.6950,0.351718,0.196931,-0.225460E-1,0.342879E-17,0.742038E-4,0.434701E-4,-0.655802E-16,0.00000,0.100000E-15,-0.100000E-15,0.00000,0.00000,0.00000,0.00000,0.00000,-0.100000E-15,0.00000,79.9643
0.00000,22.1900,0.351555,0.196011,-0.226988E-1,-0.337458E-17,0.653703E-4,0.367782E-4,-0.652134E-16,0.00000,0.100000E-15,-0.100000E-15,0.00000,0.00000,0.00000,0.00000,0.00000,-0.100000E-15,0.00000,69.4480
0.00000,22.0850,0.351411,0.195246,-0.228339E-1,0.449944E-17,0.574662E-4,0.306100E-4,-0.649031E-16,0.00000,0.100000E-15,-0.100000E-15,0.00000,0.00000,0.00000,0.00000,0.00000,-0.100000E-15,0.00000,59.8867
0.00000,21.4950,0.351304,0.194716,-0.229352E-1,0.197867E-16,0.428312E-4,0.212029E-4,-0.646448E-16,0.00000,0.100000E-15,-0.100000E-15,0.00000,0.00000,0.00000,0.00000,0.00000,-0.100000E-15,0.00000,43.5644
0.00000,18.1050,0.351276,0.194556,-0.229621E-1,0.641035E-17,0.113326E-4,0.640172E-5,-0.644659E-16,0.00000,0.100000E-15,-0.100000E-15,0.00000,0.00000,0.00000,0.00000,0.00000,-0.100000E-15,0.00000,12.1048
0.00000,16.2600,0.351258,0.194431,-0.229787E-1,0.217078E-16,0.701630E-5,0.500346E-5,-0.644119E-16,0.00000,0.100000E-15,-0.100000E-15,0.00000,0.00000,0.00000,0.00000,0.00000,-0.100000E-15,0.00000,8.21884
0.00000,15.1550,0.351253,0.194360,-0.229830E-1,0.902344E-17,0.182148E-5,0.284712E-5,-0.643697E-16,0.00000,0.100000E-15,-0.100000E-15,0.00000,0.00000,0.00000,0.00000,0.00000,-0.100000E-15,0.00000,3.19567
0.00000,12.9650,0.351253,0.194328,-0.229836E-1,0.238249E-17,0.230685E-6,0.127336E-5,-0.643456E-16,0.00000,0.100000E-15,-0.100000E-15,0.00000,0.00000,0.00000,0.00000,0.00000,-0.100000E-15,0.00000,1.03170
0.00000,11.6900,0.351253,0.194312,-0.229836E-1,0.912212E-17,0.867485E-8,0.635888E-6,-0.643349E-16,0.00000,0.100000E-15,-0.100000E-15,0.00000,0.00000,0.00000,0.00000,0.00000,-0.100000E-15,0.00000,0.442677
0.00000,10.8850,0.351253,0.194304,-0.229836E-1,0.143015E-16,0.848043E-8,0.333415E-6,-0.643295E-16,0.00000,0.100000E-15,-0.100000E-15,0.00000,0.00000,0.00000,0.00000,0.00000,-0.100000E-15,0.00000,0.234990
0.00000,10.3700,0.351253,0.194298,-0.229836E-1,0.220637E-16,0.835696E-8,0.249140E-6,-0.643267E-16,0.00000,0.100000E-15,-0.100000E-15,0.00000,0.00000,0.00000,0.00000,0.00000,-0.100000E-15,0.00000,0.177069
0.00000,9.31003,0.351252,0.194294,-0.229840E-1,-0.751689E-18,0.157967E-6,0.136872E-6,-0.643246E-16,0.00000,0.100000E-15,-0.100000E-15,0.00000,0.00000,0.00000,0.00000,0.00000,-0.100000E-15,0.00000,0.202953
0.00000,8.77499,0.351250,0.194280,-0.229862E-1,0.591208E-17,0.901452E-6,0.562449E-6,-0.643234E-16,0.00000,0.100000E-15,-0.100000E-15,0.00000,0.00000,0.00000,0.00000,0.00000,-0.100000E-15,0.00000,1.00820
0.00000,9.42502,0.351243,0.194207,-0.229934E-1,0.399800E-18,0.306584E-5,0.292984E-5,-0.643187E-16,0.00000,0.100000E-15,-0.100000E-15,0.00000,0.00000,0.00000,0.00000,0.00000,-0.100000E-15,0.00000,4.12668
0.00000,12.9650,0.351225,0.194048,-0.230097E-1,0.174743E-16,0.685056E-5,0.633936E-5,-0.642940E-16,0.00000,0.100000E-15,-0.100000E-15,0.00000,0.00000,0.00000,0.00000,0.00000,-0.100000E-15,0.00000,9.04758
0.00000,16.1300,0.351167,0.193692,-0.230656E-1,0.210810E-16,0.234701E-4,0.142532E-4,-0.642405E-16,0.00000,0.100000E-15,-0.100000E-15,0.00000,0.00000,0.00000,0.00000,0.00000,-0.100000E-15,0.00000,25.7975
0.00000,18.2400,0.351077,0.193221,-0.231513E-1,0.443845E-17,0.358497E-4,0.188338E-4,-0.641202E-16,0.00000,0.100000E-15,-0.100000E-15,0.00000,0.00000,0.00000,0.00000,0.00000,-0.100000E-15,0.00000,37.3201
0.00000,19.9200,0.350932,0.192461,-0.232909E-1,0.174692E-16,0.581744E-4,0.303953E-4,-0.639613E-16,0.00000,0.100000E-15,-0.100000E-15,0.00000,0.00000,0.00000,0.00000,0.00000,-0.100000E-15,0.00000,60.3485
0.00000,21.3400,0.350759,0.191560,-0.234580E-1,0.204237E-16,0.691016E-4,0.360459E-4,-0.637048E-16,0.00000,0.100000E-15,-0.100000E-15,0.00000,0.00000,0.00000,0.00000,0.00000,-0.100000E-15,0.00000,71.5459
0.00000,22.2300,0.350560,0.190519,-0.236523E-1,0.914796E-17,0.797199E-4,0.416259E-4,-0.634007E-16,0.00000,0.100000E-15,-0.100000E-15,0.00000,0.00000,0.00000,0.00000,0.00000,-0.100000E-15,0.00000,82.4966
0.00000,22.2350,0.350355,0.189447,-0.238531E-1,0.154770E-16,0.816544E-4,0.429098E-4,-0.630495E-16,0.00000,0.100000E-15,-0.100000E-15,0.00000,0.00000,0.00000,0.00000,0.00000,-0.100000E-15,0.00000,84.6842
0.00000,22.9850,0.350146,0.188362,-0.240615E-1,0.677626E-17,0.839673E-4,0.433997E-4,-0.626874E-16,0.00000,0.100000E-15,-0.100000E-15,0.00000,0.00000,0.00000,0.00000,0.00000,-0.100000E-15,0.00000,86.5268
0.00000,22.8350,0.349942,0.187321,-0.242652E-1,0.196512E-16,0.813447E-4,0.416368E-4,-0.623212E-16,0.00000,0.100000E-15,-0.100000E-15,0.00000,0.00000,0.00000,0.00000,0.00000,-0.100000E-15,0.00000,83.5596
0.00000,23.1450,0.349739,0.186304,-0.244702E-1,0.253432E-17,0.811756E-4,0.406660E-4,-0.619699E-16,0.00000,0.100000E-15,-0.100000E-15,0.00000,0.00000,0.00000,0.00000,0.00000,-0.100000E-15,0.00000,82.7603
0.00000,23.1400,0.349553,0.185395,-0.246598E-1,0.776560E-17,0.744271E-4,0.363798E-4,-0.616268E-16,0.00000,0.100000E-15,-0.100000E-15,0.00000,0.00000,0.00000,0.00000,0.00000,-0.100000E-15,0.00000,75.2654
0.00000,22.7050,0.349391,0.184652,-0.248261E-1,-0.295445E-17,0.647863E-4,0.297207E-4,-0.613198E-16,0.00000,0.100000E-15,-0.100000E-15,0.00000,0.00000,0.00000,0.00000,0.00000,-0.100000E-15,0.00000,64.2207
0.00000,22.4500,0.349256,0.184058,-0.249654E-1,0.551588E-17,0.538983E-4,0.237663E-4,-0.610690E-16,0.00000,0.100000E-15,-0.100000E-15,0.00000,0.00000,0.00000,0.00000,0.00000,-0.100000E-15,0.00000,52.7888
0.00000,22.0550,0.349154,0.183637,-0.250717E-1,0.298833E-17,0.409236E-4,0.168175E-4,-0.608685E-16,0.00000,0.100000E-15,-0.100000E-15,0.00000,0.00000,0.00000,0.00000,0.00000,-0.100000E-15,0.00000,39.2618
0.00000,20.8650,0.349091,0.183409,-0.251377E-1,-0.191768E-17,0.253163E-4,0.911376E-5,-0.607266E-16,0.00000,0.100000E-15,-0.100000E-15,0.00000,0.00000,0.00000,0.00000,0.00000,-0.100000E-15,0.00000,23.4381
0.00000,18.3300,0.349066,0.183273,-0.251636E-1,0.478743E-17,0.993141E-5,0.543528E-5,-0.606497E-16,0.00000,0.100000E-15,-0.100000E-15,0.00000,0.00000,0.00000,0.00000,0.00000,-0.100000E-15,0.00000,10.4865
0.00000,13.9850,0.349060,0.183212,-0.251698E-1,-0.488230E-17,0.238114E-5,0.246654E-5,-0.606038E-16,0.00000,0.100000E-15,-0.100000E-15,0.00000,0.00000,0.00000,0.00000,0.00000,-0.100000E-15,0.00000,3.32200
0.00000,11.7000,0.349059,0.183186,-0.251706E-1,0.153703E-16,0.275085E-6,0.102060E-5,-0.605830E-16,0.00000,0.100000E-15,-0.100000E-15,0.00000,0.00000,0.00000,0.00000,0.00000,-0.100000E-15,0.00000,0.889849
0.00000,10.4850,0.349059,0.183171,-0.251706E-1,-0.320168E-17,0.838443E-8,0.593653E-6,-0.605744E-16,0.00000,0.100000E-15,-0.100000E-15,0.00000,0.00000,0.00000,0.00000,0.00000,-0.100000E-15,0.00000,0.413948
0.00000,9.79501,0.349059,0.183161,-0.251706E-1,0.432236E-17,0.821991E-8,0.399649E-6,-0.605694E-16,0.00000,0.100000E-15,-0.100000E-15,0.00000,0.00000,0.00000,0.00000,0.00000,-0.100000E-15,0.00000,0.280628
0.00000,9.08499,0.349059,0.183156,-0.251706E-1,0.916810E-17,0.805196E-8,0.215678E-6,-0.605660E-16,0.00000,0.100000E-15,-0.100000E-15,0.00000,0.00000,0.00000,0.00000,0.00000,-0.100000E-15,0.00000,0.154039
0.00000,8.68500,0.349059,0.183152,-0.251711E-1,0.125573E-16,0.186449E-6,0.160916E-6,-0.605642E-16,0.00000,0.100000E-15,-0.100000E-15,0.00000,0.00000,0.00000,0.00000,0.00000,-0.100000E-15,0.00000,0.239253
0.00000,8.44003,0.349056,0.183139,-0.251737E-1,0.153904E-16,0.100303E-5,0.509681E-6,-0.605629E-16,0.00000,0.100000E-15,-0.100000E-15,0.00000,0.00000,0.00000,0.00000,0.00000,-0.100000E-15,0.00000,1.04214
0.00000,9.62003,0.349048,0.183076,-0.251826E-1,-0.149840E-17,0.339202E-5,0.254609E-5,-0.605586E-16,0.00000,0.100000E-15,-0.100000E-15,0.00000,0.00000,0.00000,0.00000,0.00000,-0.100000E-15,0.00000,4.08631
0.00000,13.4950,0.349018,0.182902,-0.252139E-1,-0.538713E-18,0.119513E-4,0.694045E-5,-0.605371E-16,0.00000,0.100000E-15,-0.100000E-15,0.00000,0.00000,0.00000,0.00000,0.00000,-0.100000E-15,0.00000,12.9522
0.00000,17.3500,0.348944,0.182584,-0.252914E-1,0.546844E-17,0.295436E-4,0.127309E-4,-0.604785E-16,0.00000,0.100000E-15,-0.100000E-15,0.00000,0.00000,0.00000,0.00000,0.00000,-0.100000E-15,0.00000,28.8760
0.00000,19.7300,0.348831,0.182116,-0.254111E-1,0.136203E-16,0.454566E-4,0.187190E-4,-0.603711E-16,0.00000,0.100000E-15,-0.100000E-15,0.00000,0.00000,0.00000,0.00000,0.00000,-0.100000E-15,0.00000,43.7352
0.00000,21.4100,0.348685,0.181503,-0.255656E-1,0.447233E-18,0.583540E-4,0.245049E-4,-0.602132E-16,0.00000,0.100000E-15,-0.100000E-15,0.00000,0.00000,0.00000,0.00000,0.00000,-0.100000E-15,0.00000,56.3761
0.00000,23.0150,0.348507,0.180751,-0.257548E-1,0.132137E-16,0.709154E-4,0.301026E-4,-0.600064E-16,0.00000,0.100000E-15,-0.100000E-15,0.00000,0.00000,0.00000,0.00000,0.00000,-0.100000E-15,0.00000,68.6246
0.00000,24.3600,0.348305,0.179905,-0.259727E-1,0.148671E-16,0.810356E-4,0.338306E-4,-0.597524E-16,0.00000,0.100000E-15,-0.100000E-15,0.00000,0.00000,0.00000,0.00000,0.00000,-0.100000E-15,0.00000,77.9304
0.00000,25.4400,0.348085,0.178993,-0.262108E-1,0.156125E-16,0.877074E-4,0.364620E-4,-0.594669E-16,0.00000,0.100000E-15,-0.100000E-15,0.00000,0.00000,0.00000,0.00000,0.00000,-0.100000E-15,0.00000,84.1538
0.00000,25.6600,0.347884,0.178198,-0.264312E-1,-0.399800E-17,0.804394E-4,0.317944E-4,-0.591593E-16,0.00000,0.100000E-15,-0.100000E-15,0.00000,0.00000,0.00000,0.00000,0.00000,-0.100000E-15,0.00000,76.0484
0.00000,25.3000,0.347711,0.177559,-0.266224E-1,-0.950032E-17,0.691840E-4,0.255697E-4,-0.588910E-16,0.00000,0.100000E-15,-0.100000E-15,0.00000,0.00000,0.00000,0.00000,0.00000,-0.100000E-15,0.00000,64.2265
0.00000,25.8700,0.347542,0.176941,-0.268106E-1,0.108149E-16,0.676208E-4,0.247455E-4,-0.586753E-16,0.00000,0.100000E-15,-0.100000E-15,0.00000,0.00000,0.00000,0.00000,0.00000,-0.100000E-15,0.00000,62.5736
0.00000,25.0000,0.347409,0.176475,-0.269601E-1,0.106252E-16,0.533917E-4,0.186075E-4,-0.584665E-16,0.00000,0.100000E-15,-0.100000E-15,0.00000,0.00000,0.00000,0.00000,0.00000,-0.100000E-15,0.00000,48.8172
0.00000,26.1050,0.347241,0.175873,-0.271498E-1,0.112757E-16,0.672576E-4,0.240807E-4,-0.583095E-16,0.00000,0.100000E-15,-0.100000E-15,0.00000,0.00000,0.00000,0.00000,0.00000,-0.100000E-15,0.00000,61.8631
0.00000,25.3350,0.347101,0.175381,-0.273086E-1,-0.314419E-17,0.559044E-4,0.196762E-4,-0.581063E-16,0.00000,0.100000E-15,-0.100000E-15,0.00000,0.00000,0.00000,0.00000,0.00000,-0.100000E-15,0.00000,51.2287
0.00000,24.5950,0.346999,0.175041,-0.274250E-1,-0.950032E-17,0.407892E-4,0.136277E-4,-0.579403E-16,0.00000,0.100000E-15,-0.100000E-15,0.00000,0.00000,0.00000,0.00000,0.00000,-0.100000E-15,0.00000,36.9105
0.00000,23.4950,0.346928,0.174827,-0.275064E-1,0.180249E-17,0.283997E-4,0.855620E-5,-0.578253E-16,0.00000,0.100000E-15,-0.100000E-15,0.00000,0.00000,0.00000,0.00000,0.00000,-0.100000E-15,0.00000,25.0936
0.00000,21.1700,0.346899,0.174720,-0.275396E-1,0.238524E-17,0.115521E-4,0.428361E-5,-0.577531E-16,0.00000,0.100000E-15,-0.100000E-15,0.00000,0.00000,0.00000,0.00000,0.00000,-0.100000E-15,0.00000,10.7769
0.00000,18.6350,0.346890,0.174663,-0.275503E-1,0.125149E-16,0.371870E-5,0.228862E-5,-0.577169E-16,0.00000,0.100000E-15,-0.100000E-15,0.00000,0.00000,0.00000,0.00000,0.00000,-0.100000E-15,0.00000,4.09828
0.00000,14.1950,0.346889,0.174608,-0.275514E-1,0.105066E-16,0.391987E-6,0.219723E-5,-0.576976E-16,0.00000,0.100000E-15,-0.100000E-15,0.00000,0.00000,0.00000,0.00000,0.00000,-0.100000E-15,0.00000,1.77397
0.00000,11.2750,0.346889,0.174588,-0.275514E-1,-0.112360E-16,0.857431E-8,0.799124E-6,-0.576791E-16,0.00000,0.100000E-15,-0.100000E-15,0.00000,0.00000,0.00000,0.00000,0.00000,-0.100000E-15,0.00000,0.554936
0.00000,10.1100,0.346889,0.174577,-0.275515E-1,0.715388E-17,0.829481E-8,0.442478E-6,-0.576723E-16,0.00000,0.100000E-15,-0.100000E-15,0.00000,0.00000,0.00000,0.00000,0.00000,-0.100000E-15,0.00000,0.310053
0.00000,9.42001,0.346889,0.174569,-0.275515E-1,-0.947639E-17,0.813099E-8,0.295883E-6,-0.576686E-16,0.00000,0.100000E-15,-0.100000E-15,0.00000,0.00000,0.00000,0.00000,0.00000,-0.100000E-15,0.00000,0.209246
0.00000,9.03000,0.346888,0.174563,-0.275521E-1,-0.802659E-17,0.211625E-6,0.234307E-6,-0.576661E-16,0.00000,0.100000E-15,-0.100000E-15,0.00000,0.00000,0.00000,0.00000,0.00000,-0.100000E-15,0.00000,0.307041
0.00000,8.60501,0.346886,0.174550,-0.275553E-1,0.861644E-17,0.110880E-5,0.539470E-6,-0.576641E-16,0.00000,0.100000E-15,-0.100000E-15,0.00000,0.00000,0.00000,0.00000,0.00000,-0.100000E-15,0.00000,1.13535
0.00000,9.82501,0.346875,0.174485,-0.275674E-1,-0.129173E-17,0.421165E-5,0.260029E-5,-0.576596E-16,0.00000,0.100000E-15,-0.100000E-15,0.00000,0.00000,0.00000,0.00000,0.00000,-0.100000E-15,0.00000,4.68670
0.00000,14.9500,0.346834,0.174308,-0.276142E-1,-0.128071E-17,0.162444E-4,0.707079E-5,-0.576376E-16,0.00000,0.100000E-15,-0.100000E-15,0.00000,0.00000,0.00000,0.00000,0.00000,-0.100000E-15,0.00000,15.9625
0.00000,18.0250,0.346758,0.174012,-0.277029E-1,0.116010E-16,0.307368E-4,0.118376E-4,-0.575780E-16,0.00000,0.100000E-15,-0.100000E-15,0.00000,0.00000,0.00000,0.00000,0.00000,-0.100000E-15,0.00000,29.0620
0.00000,19.6500,0.346650,0.173605,-0.278280E-1,-0.368629E-17,0.431655E-4,0.162738E-4,-0.574781E-16,0.00000,0.100000E-15,-0.100000E-15,0.00000,0.00000,0.00000,0.00000,0.00000,-0.100000E-15,0.00000,40.5106
0.00000,20.7700,0.346515,0.173090,-0.279845E-1,0.498733E-17,0.536978E-4,0.206027E-4,-0.573408E-16,0.00000,0.100000E-15,-0.100000E-15,0.00000,0.00000,0.00000,0.00000,0.00000,-0.100000E-15,0.00000,50.5844
0.00000,22.7100,0.346344,0.172433,-0.281861E-1,-0.996111E-17,0.687272E-4,0.262922E-4,-0.571669E-16,0.00000,0.100000E-15,-0.100000E-15,0.00000,0.00000,0.00000,0.00000,0.00000,-0.100000E-15,0.00000,64.5687
0.00000,23.9150,0.346149,0.171695,-0.284165E-1,-0.689824E-17,0.778792E-4,0.295042E-4,-0.569451E-16,0.00000,0.100000E-15,-0.100000E-15,0.00000,0.00000,0.00000,0.00000,0.00000,-0.100000E-15,0.00000,72.8851
0.00000,24.4750,0.345952,0.170968,-0.286510E-1,-0.818573E-17,0.786167E-4,0.291022E-4,-0.566962E-16,0.00000,0.100000E-15,-0.100000E-15,0.00000,0.00000,0.00000,0.00000,0.00000,-0.100000E-15,0.00000,73.0732
0.00000,25.2750,0.345736,0.170141,-0.289118E-1,0.781981E-17,0.866290E-4,0.330677E-4,-0.564506E-16,0.00000,0.100000E-15,-0.100000E-15,0.00000,0.00000,0.00000,0.00000,0.00000,-0.100000E-15,0.00000,81.1354
0.00000,25.8550,0.345517,0.169322,-0.291773E-1,0.814507E-17,0.873398E-4,0.327570E-4,-0.561716E-16,0.00000,0.100000E-15,-0.100000E-15,0.00000,0.00000,0.00000,0.00000,0.00000,-0.100000E-15,0.00000,81.3609
0.00000,24.9250,0.345387,0.168902,-0.293366E-1,0.687113E-17,0.519948E-4,0.168112E-4,-0.558952E-16,0.00000,0.100000E-15,-0.100000E-15,0.00000,0.00000,0.00000,0.00000,0.00000,-0.100000E-15,0.00000,46.6555
0.00000,24.4050,0.345262,0.168499,-0.294908E-1,-0.243945E-18,0.500742E-4,0.161244E-4,-0.557533E-16,0.00000,0.100000E-15,-0.100000E-15,0.00000,0.00000,0.00000,0.00000,0.00000,-0.100000E-15,0.00000,44.9102
0.00000,25.4650,0.345086,0.167889,-0.297097E-1,-0.133492E-16,0.705925E-4,0.243868E-4,-0.556173E-16,0.00000,0.100000E-15,-0.100000E-15,0.00000,0.00000,0.00000,0.00000,0.00000,-0.100000E-15,0.00000,64.3691
0.00000,25.4250,0.344937,0.167410,-0.298957E-1,0.334747E-17,0.595265E-4,0.191781E-4,-0.554115E-16,0.00000,0.100000E-15,-0.100000E-15,0.00000,0.00000,0.00000,0.00000,0.00000,-0.100000E-15,0.00000,53.3415
0.00000,25.0350,0.344828,0.167078,-0.300327E-1,-0.173472E-17,0.436284E-4,0.132731E-4,-0.552497E-16,0.00000,0.100000E-15,-0.100000E-15,0.00000,0.00000,0.00000,0.00000,0.00000,-0.100000E-15,0.00000,38.5793
0.00000,22.0050,0.344789,0.166929,-0.300818E-1,-0.897855E-17,0.155750E-4,0.594493E-5,-0.551377E-16,0.00000,0.100000E-15,-0.100000E-15,0.00000,0.00000,0.00000,0.00000,0.00000,-0.100000E-15,0.00000,14.6335
0.00000,18.3200,0.344773,0.166856,-0.301019E-1,0.103999E-16,0.637568E-5,0.293139E-5,-0.550875E-16,0.00000,0.100000E-15,-0.100000E-15,0.00000,0.00000,0.00000,0.00000,0.00000,-0.100000E-15,0.00000,6.35134
0.00000,16.5100,0.344767,0.166802,-0.301095E-1,-0.229800E-17,0.238894E-5,0.216900E-5,-0.550628E-16,0.00000,0.100000E-15,-0.100000E-15,0.00000,0.00000,0.00000,0.00000,0.00000,-0.100000E-15,0.00000,3.11586
0.00000,14.0000,0.344766,0.166774,-0.301105E-1,-0.105705E-16,0.318723E-6,0.110884E-5,-0.550445E-16,0.00000,0.100000E-15,-0.100000E-15,0.00000,0.00000,0.00000,0.00000,0.00000,-0.100000E-15,0.00000,0.978262
0.00000,12.4400,0.344766,0.166761,-0.301105E-1,0.370016E-17,0.885738E-8,0.528961E-6,-0.550352E-16,0.00000,0.100000E-15,-0.100000E-15,0.00000,0.00000,0.00000,0.00000,0.00000,-0.100000E-15,0.00000,0.369101
0.00000,11.8300,0.344766,0.166754,-0.301105E-1,0.981219E-17,0.870868E-8,0.271416E-6,-0.550307E-16,0.00000,0.100000E-15,-0.100000E-15,0.00000,0.00000,0.00000,0.00000,0.00000,-0.100000E-15,0.00000,0.192360
0.00000,11.2400,0.344766,0.166747,-0.301106E-1,0.367501E-17,0.856581E-8,0.260069E-6,-0.550284E-16,0.00000,0.100000E-15,-0.100000E-15,0.00000,0.00000,0.00000,0.00000,0.00000,-0.100000E-15,0.00000,0.184574
0.150116E-3,11.3800,0.344838,0.167324,-0.300199E-1,-0.173269E-16,0.188583E-6,0.00000,0.289555E-4,0.00000,0.100000E-15,-0.100000E-15,0.574789E-1,0.273709E-2,0.547418E-1,0.212200E-316,0.547418E-1,0.485675,0.547418E-1,0.129555
0.150116E-3,11.2100,0.345115,0.169513,-0.296739E-1,0.142030E-16,0.151064E-5,0.00000,0.112107E-3,0.00000,0.100000E-15,-0.100000E-15,0.157180,0.748476E-2,0.149695,0.212200E-316,0.149695,0.876396,0.149695,1.03797
0.150116E-3,12.0400,0.345636,0.173496,-0.290330E-1,0.137694E-16,0.415548E-5,0.00000,0.212656E-3,0.00000,0.100000E-15,-0.100000E-15,0.237389,0.113042E-1,0.226084,0.424399E-316,0.226084,1.19073,0.226084,2.85297
0.150116E-3,15.1550,0.346357,0.178765,-0.281700E-1,-0.672205E-17,0.112022E-4,0.00000,0.299777E-3,0.00000,0.100000E-15,-0.100000E-15,0.301916,0.143769E-1,0.287539,0.212200E-316,0.287539,1.44361,0.287539,7.66798
0.150116E-3,14.8800,0.347278,0.184890,-0.271077E-1,-0.726415E-17,0.874162E-5,0.00000,0.377071E-3,0.00000,0.100000E-15,-0.100000E-15,0.353828,0.168489E-1,0.336979,0.212200E-316,0.336979,1.64704,0.336979,5.98526
0.150116E-3,18.9950,0.348317,0.191518,-0.259599E-1,-0.187567E-16,0.311396E-4,0.00000,0.446587E-3,0.00000,0.100000E-15,-0.100000E-15,0.395590,0.188376E-1,0.376752,0.212200E-316,0.376752,1.81071,0.376752,21.2365
0.150116E-3,21.5850,0.349458,0.198378,-0.247579E-1,0.368629E-17,0.531466E-4,0.00000,0.509500E-3,0.00000,0.100000E-15,-0.100000E-15,0.429188,0.204375E-1,0.408750,0.212200E-316,0.408750,1.94237,0.408750,36.1541
0.150116E-3,23.3550,0.350710,0.205264,-0.235055E-1,0.314419E-17,0.655222E-4,0.00000,0.566528E-3,0.00000,0.100000E-15,-0.100000E-15,0.456217,0.217246E-1,0.434492,0.212200E-316,0.434492,2.04830,0.434492,44.4965
0.150116E-3,24.1450,0.352077,0.212026,-0.222147E-1,0.607153E-17,0.715065E-4,0.00000,0.618171E-3,0.00000,0.100000E-15,-0.100000E-15,0.477961,0.227601E-1,0.455201,0.212200E-316,0.455201,2.13351,0.455201,48.5233
0.150116E-3,25.1600,0.353525,0.218561,-0.209280E-1,0.639679E-17,0.856727E-4,0.00000,0.664835E-3,0.00000,0.100000E-15,-0.100000E-15,0.495455,0.235931E-1,0.471861,0.212200E-316,0.471861,2.20207,0.471861,58.0791
0.150116E-3,24.4050,0.355142,0.224800,-0.195831E-1,0.127936E-16,0.600708E-4,0.00000,0.706892E-3,0.00000,0.100000E-15,-0.100000E-15,0.509528,0.242632E-1,0.485265,0.212200E-316,0.485265,2.25722,0.485265,40.7529
0.150116E-3,22.7900,0.356927,0.230702,-0.182030E-1,0.433681E-17,0.307167E-4,0.00000,0.744705E-3,0.00000,0.100000E-15,-0.100000E-15,0.520850,0.248024E-1,0.496047,0.212200E-316,0.496047,2.30159,0.496047,20.8713
0.150116E-3,18.1800,0.358838,0.236245,-0.168379E-1,-0.151788E-17,0.142784E-4,0.00000,0.778634E-3,0.00000,0.100000E-15,-0.100000E-15,0.529958,0.252361E-1,0.504722,0.212200E-316,0.504722,2.33729,0.504722,9.74519
0.150116E-3,16.2900,0.360846,0.241421,-0.155180E-1,0.715573E-17,0.583958E-5,0.00000,0.809029E-3,0.00000,0.100000E-15,-0.100000E-15,0.537285,0.255850E-1,0.511700,0.212200E-316,0.511700,2.36600,0.511700,3.99286
0.150116E-3,16.6500,0.362062,0.246233,-0.147714E-1,-0.878204E-17,0.114998E-4,0.00000,0.836229E-3,0.338199E-3,0.100000E-15,-0.100000E-15,0.543180,0.258657E-1,0.517315,0.212200E-316,0.517315,2.38910,0.517315,7.86034
0.150116E-3,17.7550,0.362109,0.250692,-0.147433E-1,-0.365918E-17,0.170393E-4,0.00000,0.860555E-3,0.824729E-3,0.100000E-15,-0.100000E-15,0.547923,0.260916E-1,0.521831,0.212200E-316,0.521831,2.40769,0.521831,11.6343
0.150116E-3,18.6650,0.362152,0.254813,-0.147174E-1,0.786047E-18,0.214440E-4,0.00000,0.882307E-3,0.843516E-3,0.100000E-15,-0.100000E-15,0.551738,0.262732E-1,0.525465,0.212200E-316,0.525465,2.42264,0.525465,14.6290
0.150116E-3,18.8750,0.362207,0.258611,-0.146850E-1,0.533970E-17,0.191199E-4,0.00000,0.901761E-3,0.860863E-3,0.100000E-15,-0.100000E-15,0.554808,0.264194E-1,0.528388,0.212200E-316,0.528388,2.43467,0.528388,13.0409
0.150116E-3,16.1550,0.362286,0.262107,-0.146379E-1,-0.102728E-16,0.480267E-5,0.00000,0.919168E-3,0.882642E-3,0.100000E-15,-0.100000E-15,0.557277,0.265370E-1,0.530740,0.212200E-316,0.530740,2.44435,0.530740,3.28429
0.150116E-3,14.2200,0.362334,0.265320,-0.146095E-1,-0.962229E-17,0.116248E-5,0.00000,0.934754E-3,0.914365E-3,0.100000E-15,-0.100000E-15,0.559263,0.266316E-1,0.532632,0.212200E-316,0.532632,2.45213,0.532632,0.796438
0.150116E-3,12.9350,0.362371,0.268270,-0.145874E-1,0.122786E-16,0.174760E-6,0.00000,0.948721E-3,0.933591E-3,0.100000E-15,-0.100000E-15,0.560861,0.267077E-1,0.534154,0.212200E-316,0.534154,2.45839,0.534154,0.119880
0.150116E-3,11.7450,0.362403,0.270976,-0.145686E-1,-0.852454E-17,0.868831E-8,0.00000,0.961251E-3,0.948546E-3,0.100000E-15,-0.100000E-15,0.562147,0.267689E-1,0.535378,0.212200E-316,0.535378,2.46343,0.535378,0.596670E-2
0.150116E-3,10.9050,0.362431,0.273455,-0.145521E-1,-0.483825E-17,0.848535E-8,0.00000,0.972503E-3,0.961242E-3,0.100000E-15,-0.100000E-15,0.563181,0.268182E-1,0.536363,0.212200E-316,0.536363,2.46749,0.536363,0.583200E-2
0.150116E-3,10.4500,0.362457,0.275727,-0.145372E-1,-0.175234E-16,0.837620E-8,0.00000,0.982620E-3,0.972495E-3,0.100000E-15,-0.100000E-15,0.564014,0.268578E-1,0.537156,0.212200E-316,0.537156,2.47075,0.537156,0.575949E-2
0.00000,9.91501,0.361298,0.276835,-0.152356E-1,-0.273761E-16,0.163545E-6,0.232618E-6,0.519435E-3,0.982612E-3,0.100000E-15,-0.100000E-15,0.00000,0.00000,0.00000,0.772940E-5,0.00000,2.46302,0.00000,5.59001
0.00000,9.50500,0.359998,0.276818,-0.160614E-1,-0.802310E-17,0.812515E-6,0.685290E-6,-0.921818E-16,0.519271E-3,0.100000E-15,-0.100000E-15,0.00000,0.00000,0.00000,0.127355E-4,-0.114492E-15,2.45028,0.00000,9.79573
0.00000,10.3850,0.359991,0.276745,-0.160661E-1,0.216442E-16,0.284921E-5,0.294015E-5,-0.921760E-16,0.00000,0.100000E-15,-0.100000E-15,0.00000,0.00000,0.00000,0.457651E-4,-0.111022E-15,2.40452,0.00000,35.4512
0.00000,13.6500,0.359973,0.276547,-0.160776E-1,0.122125E-16,0.704125E-5,0.789931E-5,-0.921512E-16,0.00000,0.100000E-15,-0.100000E-15,0.00000,0.00000,0.00000,0.111266E-3,0.152656E-15,2.29325,0.00000,86.5137
0.00000,16.8350,0.359927,0.276196,-0.161076E-1,-0.232426E-17,0.183577E-4,0.140560E-4,-0.920845E-16,0.00000,0.100000E-15,-0.100000E-15,0.00000,0.00000,0.00000,0.204521E-3,-0.138778E-15,2.08873,0.00000,161.921
0.00000,20.1900,0.359824,0.275641,-0.161751E-1,0.277827E-17,0.411454E-4,0.221961E-4,-0.919659E-16,0.00000,0.100000E-15,-0.100000E-15,0.00000,0.00000,0.00000,0.355698E-3,-0.111022E-15,1.73303,0.00000,285.446
0.00000,20.8200,0.359700,0.274962,-0.162570E-1,0.501444E-17,0.496930E-4,0.271645E-4,-0.917787E-16,0.00000,0.100000E-15,-0.100000E-15,0.00000,0.00000,0.00000,0.429761E-3,0.555112E-16,1.30327,0.00000,344.893
0.00000,21.5150,0.359553,0.274112,-0.163548E-1,0.784691E-17,0.590350E-4,0.339946E-4,-0.915495E-16,0.00000,0.100000E-15,-0.100000E-15,0.00000,0.00000,0.00000,0.562420E-3,0.00000,0.740852,0.00000,445.914
0.00000,22.3700,0.359379,0.273119,-0.164705E-1,0.207760E-16,0.692721E-4,0.397145E-4,-0.912626E-16,0.00000,0.100000E-15,-0.100000E-15,0.00000,0.00000,0.00000,0.648254E-3,0.00000,0.925979E-1,0.00000,514.738
0.00000,22.9100,0.359200,0.272138,-0.165915E-1,-0.132815E-17,0.719722E-4,0.392344E-4,-0.909275E-16,0.00000,0.100000E-15,-0.100000E-15,0.00000,0.00000,0.00000,0.925979E-4,0.00000,-0.971445E-16,0.00000,138.465
0.00000,22.6600,0.359059,0.271441,-0.166865E-1,0.211419E-16,0.560759E-4,0.278853E-4,-0.905965E-16,0.00000,0.100000E-15,-0.100000E-15,0.00000,0.00000,0.00000,0.285549E-20,0.00000,-0.100000E-15,0.00000,57.0571
0.00000,22.9400,0.358903,0.270650,-0.167928E-1,0.112215E-16,0.624397E-4,0.316661E-4,-0.903612E-16,0.00000,0.100000E-15,-0.100000E-15,0.00000,0.00000,0.00000,0.00000,0.00000,-0.100000E-15,0.00000,63.9336
0.00000,23.4800,0.358720,0.269676,-0.169189E-1,0.948677E-19,0.734591E-4,0.389365E-4,-0.900940E-16,0.00000,0.100000E-15,-0.100000E-15,0.00000,0.00000,0.00000,0.00000,0.00000,-0.100000E-15,0.00000,76.3193
0.00000,23.1550,0.358554,0.268829,-0.170336E-1,0.186076E-16,0.663329E-4,0.338917E-4,-0.897655E-16,0.00000,0.100000E-15,-0.100000E-15,0.00000,0.00000,0.00000,0.00000,0.00000,-0.100000E-15,0.00000,68.0764
0.00000,22.8100,0.358410,0.268110,-0.171341E-1,0.129969E-16,0.577159E-4,0.287639E-4,-0.894795E-16,0.00000,0.100000E-15,-0.100000E-15,0.00000,0.00000,0.00000,0.00000,0.00000,-0.100000E-15,0.00000,58.7600
0.00000,22.4050,0.358289,0.267550,-0.172181E-1,0.680337E-17,0.480097E-4,0.223737E-4,-0.892368E-16,0.00000,0.100000E-15,-0.100000E-15,0.00000,0.00000,0.00000,0.00000,0.00000,-0.100000E-15,0.00000,47.8418
0.00000,21.7050,0.358191,0.267102,-0.172876E-1,0.150298E-16,0.395317E-4,0.179228E-4,-0.890480E-16,0.00000,0.100000E-15,-0.100000E-15,0.00000,0.00000,0.00000,0.00000,0.00000,-0.100000E-15,0.00000,39.0801
0.00000,20.7750,0.358130,0.266809,-0.173307E-1,0.201865E-16,0.244176E-4,0.117240E-4,-0.888968E-16,0.00000,0.100000E-15,-0.100000E-15,0.00000,0.00000,0.00000,0.00000,0.00000,-0.100000E-15,0.00000,24.6054
0.00000,17.2000,0.358108,0.266673,-0.173459E-1,0.178487E-16,0.861345E-5,0.544469E-5,-0.887979E-16,0.00000,0.100000E-15,-0.100000E-15,0.00000,0.00000,0.00000,0.00000,0.00000,-0.100000E-15,0.00000,9.60393
0.00000,14.0700,0.358102,0.266625,-0.173499E-1,0.158768E-16,0.226660E-5,0.194404E-5,-0.887519E-16,0.00000,0.100000E-15,-0.100000E-15,0.00000,0.00000,0.00000,0.00000,0.00000,-0.100000E-15,0.00000,2.88521
0.00000,12.6350,0.358102,0.266607,-0.173505E-1,0.300252E-17,0.307827E-6,0.703297E-6,-0.887355E-16,0.00000,0.100000E-15,-0.100000E-15,0.00000,0.00000,0.00000,0.00000,0.00000,-0.100000E-15,0.00000,0.693796
0.00000,11.5650,0.358102,0.266599,-0.173505E-1,0.715351E-17,0.864463E-8,0.324690E-6,-0.887296E-16,0.00000,0.100000E-15,-0.100000E-15,0.00000,0.00000,0.00000,0.00000,0.00000,-0.100000E-15,0.00000,0.228957
0.00000,10.9100,0.358102,0.266593,-0.173505E-1,0.821532E-17,0.848652E-8,0.237635E-6,-0.887268E-16,0.00000,0.100000E-15,-0.100000E-15,0.00000,0.00000,0.00000,0.00000,0.00000,-0.100000E-15,0.00000,0.169159
0.00000,10.5150,0.358102,0.266588,-0.173505E-1,-0.571313E-17,0.839173E-8,0.197679E-6,-0.887248E-16,0.00000,0.100000E-15,-0.100000E-15,0.00000,0.00000,0.00000,0.00000,0.00000,-0.100000E-15,0.00000,0.141686
0.00000,10.0500,0.358101,0.266583,-0.173508E-1,-0.214421E-17,0.176070E-6,0.198592E-6,-0.887232E-16,0.00000,0.100000E-15,-0.100000E-15,0.00000,0.00000,0.00000,0.00000,0.00000,-0.100000E-15,0.00000,0.257717
0.00000,9.74503,0.358099,0.266566,-0.173525E-1,-0.253453E-17,0.946983E-6,0.683243E-6,-0.887215E-16,0.00000,0.100000E-15,-0.100000E-15,0.00000,0.00000,0.00000,0.00000,0.00000,-0.100000E-15,0.00000,1.12170
0.00000,11.3750,0.358093,0.266515,-0.173566E-1,0.593177E-17,0.229037E-5,0.203119E-5,-0.887157E-16,0.00000,0.100000E-15,-0.100000E-15,0.00000,0.00000,0.00000,0.00000,0.00000,-0.100000E-15,0.00000,2.96888
0.00000,14.5250,0.358084,0.266432,-0.173632E-1,-0.819843E-17,0.374718E-5,0.333720E-5,-0.886986E-16,0.00000,0.100000E-15,-0.100000E-15,0.00000,0.00000,0.00000,0.00000,0.00000,-0.100000E-15,0.00000,4.85223
0.00000,15.2450,0.358067,0.266259,-0.173747E-1,0.763346E-17,0.647713E-5,0.691663E-5,-0.886704E-16,0.00000,0.100000E-15,-0.100000E-15,0.00000,0.00000,0.00000,0.00000,0.00000,-0.100000E-15,0.00000,9.16730
0.00000,17.1900,0.358008,0.265791,-0.174168E-1,-0.130782E-17,0.237543E-4,0.187121E-4,-0.886121E-16,0.00000,0.100000E-15,-0.100000E-15,0.00000,0.00000,0.00000,0.00000,0.00000,-0.100000E-15,0.00000,29.0116
0.00000,19.6950,0.357901,0.265158,-0.174928E-1,0.375405E-17,0.427128E-4,0.253131E-4,-0.884542E-16,0.00000,0.100000E-15,-0.100000E-15,0.00000,0.00000,0.00000,0.00000,0.00000,-0.100000E-15,0.00000,46.3607
0.00000,20.7050,0.357771,0.264404,-0.175859E-1,-0.348300E-17,0.520170E-4,0.301757E-4,-0.882406E-16,0.00000,0.100000E-15,-0.100000E-15,0.00000,0.00000,0.00000,0.00000,0.00000,-0.100000E-15,0.00000,55.9609
0.00000,22.0250,0.357599,0.263460,-0.177100E-1,0.181604E-17,0.689423E-4,0.377648E-4,-0.879860E-16,0.00000,0.100000E-15,-0.100000E-15,0.00000,0.00000,0.00000,0.00000,0.00000,-0.100000E-15,0.00000,72.5589
0.00000,22.7100,0.357411,0.262466,-0.178466E-1,0.136203E-16,0.752881E-4,0.397293E-4,-0.876673E-16,0.00000,0.100000E-15,-0.100000E-15,0.00000,0.00000,0.00000,0.00000,0.00000,-0.100000E-15,0.00000,78.1579
0.00000,22.2250,0.357258,0.261684,-0.179583E-1,0.168864E-16,0.610780E-4,0.312899E-4,-0.873321E-16,0.00000,0.100000E-15,-0.100000E-15,0.00000,0.00000,0.00000,0.00000,0.00000,-0.100000E-15,0.00000,62.7964
0.00000,22.2500,0.357095,0.260851,-0.180782E-1,0.164392E-16,0.652002E-4,0.333094E-4,-0.870681E-16,0.00000,0.100000E-15,-0.100000E-15,0.00000,0.00000,0.00000,0.00000,0.00000,-0.100000E-15,0.00000,66.9702
0.00000,23.3550,0.356899,0.259840,-0.182239E-1,0.581403E-17,0.785404E-4,0.404664E-4,-0.867870E-16,0.00000,0.100000E-15,-0.100000E-15,0.00000,0.00000,0.00000,0.00000,0.00000,-0.100000E-15,0.00000,80.8183
0.00000,23.5900,0.356717,0.258940,-0.183597E-1,0.551588E-17,0.726351E-4,0.360056E-4,-0.864456E-16,0.00000,0.100000E-15,-0.100000E-15,0.00000,0.00000,0.00000,0.00000,0.00000,-0.100000E-15,0.00000,73.7617
0.00000,23.7450,0.356555,0.258157,-0.184821E-1,-0.691179E-18,0.650213E-4,0.313088E-4,-0.861418E-16,0.00000,0.100000E-15,-0.100000E-15,0.00000,0.00000,0.00000,0.00000,0.00000,-0.100000E-15,0.00000,65.3937
0.00000,23.5150,0.356419,0.257569,-0.185849E-1,0.150298E-16,0.542300E-4,0.235360E-4,-0.858776E-16,0.00000,0.100000E-15,-0.100000E-15,0.00000,0.00000,0.00000,0.00000,0.00000,-0.100000E-15,0.00000,52.8032
0.00000,22.8150,0.356315,0.257121,-0.186643E-1,0.960874E-17,0.416821E-4,0.178999E-4,-0.856790E-16,0.00000,0.100000E-15,-0.100000E-15,0.00000,0.00000,0.00000,0.00000,0.00000,-0.100000E-15,0.00000,40.4837
0.00000,21.3450,0.356251,0.256838,-0.187132E-1,-0.827382E-17,0.255761E-4,0.113255E-4,-0.855280E-16,0.00000,0.100000E-15,-0.100000E-15,0.00000,0.00000,0.00000,0.00000,0.00000,-0.100000E-15,0.00000,25.1090
0.00000,17.1300,0.356228,0.256711,-0.187303E-1,0.131104E-16,0.894291E-5,0.508760E-5,-0.854324E-16,0.00000,0.100000E-15,-0.100000E-15,0.00000,0.00000,0.00000,0.00000,0.00000,-0.100000E-15,0.00000,9.58571
0.00000,14.7050,0.356222,0.256664,-0.187353E-1,-0.953336E-17,0.260019E-5,0.187139E-5,-0.853895E-16,0.00000,0.100000E-15,-0.100000E-15,0.00000,0.00000,0.00000,0.00000,0.00000,-0.100000E-15,0.00000,3.06214
0.00000,12.7200,0.356221,0.256646,-0.187360E-1,0.110112E-16,0.338209E-6,0.705787E-6,-0.853737E-16,0.00000,0.100000E-15,-0.100000E-15,0.00000,0.00000,0.00000,0.00000,0.00000,-0.100000E-15,0.00000,0.716294
0.00000,11.4150,0.356221,0.256638,-0.187360E-1,-0.137553E-17,0.860830E-8,0.349413E-6,-0.853678E-16,0.00000,0.100000E-15,-0.100000E-15,0.00000,0.00000,0.00000,0.00000,0.00000,-0.100000E-15,0.00000,0.245949
0.00000,10.5550,0.356221,0.256633,-0.187360E-1,0.622146E-17,0.840130E-8,0.172854E-6,-0.853648E-16,0.00000,0.100000E-15,-0.100000E-15,0.00000,0.00000,0.00000,0.00000,0.00000,-0.100000E-15,0.00000,0.124619
0.00000,10.0100,0.356221,0.256630,-0.187360E-1,0.300935E-18,0.827114E-8,0.107823E-6,-0.853634E-16,0.00000,0.100000E-15,-0.100000E-15,0.00000,0.00000,0.00000,0.00000,0.00000,-0.100000E-15,0.00000,0.798605E-1
0.00000,9.73502,0.356221,0.256627,-0.187363E-1,0.132808E-16,0.163840E-6,0.130541E-6,-0.853625E-16,0.00000,0.100000E-15,-0.100000E-15,0.00000,0.00000,0.00000,0.00000,0.00000,-0.100000E-15,0.00000,0.202556
0.00000,9.49002,0.356218,0.256612,-0.187381E-1,0.112471E-16,0.922317E-6,0.597800E-6,-0.853614E-16,0.00000,0.100000E-15,-0.100000E-15,0.00000,0.00000,0.00000,0.00000,0.00000,-0.100000E-15,0.00000,1.04620
0.00000,10.1800,0.356212,0.256547,-0.187433E-1,0.773595E-17,0.270189E-5,0.259790E-5,-0.853563E-16,0.00000,0.100000E-15,-0.100000E-15,0.00000,0.00000,0.00000,0.00000,0.00000,-0.100000E-15,0.00000,3.64509
0.00000,14.5000,0.356191,0.256359,-0.187588E-1,0.103677E-16,0.809635E-5,0.753959E-5,-0.853344E-16,0.00000,0.100000E-15,-0.100000E-15,0.00000,0.00000,0.00000,0.00000,0.00000,-0.100000E-15,0.00000,10.7096
0.00000,18.5550,0.356134,0.256026,-0.188026E-1,-0.976460E-17,0.227763E-4,0.133337E-4,-0.852708E-16,0.00000,0.100000E-15,-0.100000E-15,0.00000,0.00000,0.00000,0.00000,0.00000,-0.100000E-15,0.00000,24.6366
0.00000,20.8050,0.356022,0.255476,-0.188891E-1,-0.424194E-17,0.448494E-4,0.219931E-4,-0.851583E-16,0.00000,0.100000E-15,-0.100000E-15,0.00000,0.00000,0.00000,0.00000,0.00000,-0.100000E-15,0.00000,45.5054
0.00000,21.9750,0.355877,0.254738,-0.190016E-1,-0.677626E-19,0.580337E-4,0.294926E-4,-0.849727E-16,0.00000,0.100000E-15,-0.100000E-15,0.00000,0.00000,0.00000,0.00000,0.00000,-0.100000E-15,0.00000,59.5191
0.00000,22.6200,0.355711,0.253869,-0.191317E-1,0.145012E-16,0.666333E-4,0.347640E-4,-0.847238E-16,0.00000,0.100000E-15,-0.100000E-15,0.00000,0.00000,0.00000,0.00000,0.00000,-0.100000E-15,0.00000,68.9086
0.00000,23.2100,0.355531,0.252913,-0.192732E-1,0.590890E-17,0.719402E-4,0.382451E-4,-0.844305E-16,0.00000,0.100000E-15,-0.100000E-15,0.00000,0.00000,0.00000,0.00000,0.00000,-0.100000E-15,0.00000,74.8381
0.00000,23.4850,0.355341,0.251907,-0.194235E-1,-0.117771E-16,0.757852E-4,0.402520E-4,-0.841078E-16,0.00000,0.100000E-15,-0.100000E-15,0.00000,0.00000,0.00000,0.00000,0.00000,-0.100000E-15,0.00000,78.7917
0.00000,23.8750,0.355146,0.250879,-0.195797E-1,0.687113E-17,0.781543E-4,0.411013E-4,-0.837682E-16,0.00000,0.100000E-15,-0.100000E-15,0.00000,0.00000,0.00000,0.00000,0.00000,-0.100000E-15,0.00000,80.9464
0.00000,24.0700,0.354950,0.249865,-0.197377E-1,-0.552943E-17,0.783929E-4,0.405612E-4,-0.834214E-16,0.00000,0.100000E-15,-0.100000E-15,0.00000,0.00000,0.00000,0.00000,0.00000,-0.100000E-15,0.00000,80.7265
0.00000,23.7650,0.354763,0.248914,-0.198900E-1,-0.112622E-16,0.749224E-4,0.380545E-4,-0.830791E-16,0.00000,0.100000E-15,-0.100000E-15,0.00000,0.00000,0.00000,0.00000,0.00000,-0.100000E-15,0.00000,76.6929
0.00000,23.5150,0.354585,0.248056,-0.200354E-1,0.860585E-17,0.709813E-4,0.343108E-4,-0.827580E-16,0.00000,0.100000E-15,-0.100000E-15,0.00000,0.00000,0.00000,0.00000,0.00000,-0.100000E-15,0.00000,71.4934
0.00000,22.9200,0.354428,0.247322,-0.201653E-1,0.790112E-17,0.629493E-4,0.293814E-4,-0.824685E-16,0.00000,0.100000E-15,-0.100000E-15,0.00000,0.00000,0.00000,0.00000,0.00000,-0.100000E-15,0.00000,62.7288
0.00000,22.1200,0.354303,0.246768,-0.202691E-1,-0.107336E-16,0.500015E-4,0.221495E-4,-0.822206E-16,0.00000,0.100000E-15,-0.100000E-15,0.00000,0.00000,0.00000,0.00000,0.00000,-0.100000E-15,0.00000,49.0568
0.00000,21.0950,0.354213,0.246375,-0.203439E-1,-0.105981E-16,0.358589E-4,0.156997E-4,-0.820337E-16,0.00000,0.100000E-15,-0.100000E-15,0.00000,0.00000,0.00000,0.00000,0.00000,-0.100000E-15,0.00000,35.0905
0.00000,19.8250,0.354158,0.246134,-0.203896E-1,0.655265E-17,0.218533E-4,0.967433E-5,-0.819013E-16,0.00000,0.100000E-15,-0.100000E-15,0.00000,0.00000,0.00000,0.00000,0.00000,-0.100000E-15,0.00000,21.4839
0.00000,17.9350,0.354137,0.246008,-0.204077E-1,-0.128918E-16,0.861728E-5,0.501445E-5,-0.818196E-16,0.00000,0.100000E-15,-0.100000E-15,0.00000,0.00000,0.00000,0.00000,0.00000,-0.100000E-15,0.00000,9.30603
0.00000,15.4400,0.354132,0.245962,-0.204123E-1,-0.140184E-16,0.217134E-5,0.185821E-5,-0.817773E-16,0.00000,0.100000E-15,-0.100000E-15,0.00000,0.00000,0.00000,0.00000,0.00000,-0.100000E-15,0.00000,2.75749
0.00000,13.7100,0.354131,0.245940,-0.204130E-1,-0.651284E-17,0.346804E-6,0.859236E-6,-0.817617E-16,0.00000,0.100000E-15,-0.100000E-15,0.00000,0.00000,0.00000,0.00000,0.00000,-0.100000E-15,0.00000,0.826687
0.00000,12.9150,0.354131,0.245930,-0.204131E-1,0.454814E-17,0.316023E-7,0.405933E-6,-0.817544E-16,0.00000,0.100000E-15,-0.100000E-15,0.00000,0.00000,0.00000,0.00000,0.00000,-0.100000E-15,0.00000,0.300140
0.00000,12.1800,0.354131,0.245922,-0.204131E-1,0.104095E-16,0.879407E-8,0.337023E-6,-0.817510E-16,0.00000,0.100000E-15,-0.100000E-15,0.00000,0.00000,0.00000,0.00000,0.00000,-0.100000E-15,0.00000,0.237391
0.00000,12.1000,0.354131,0.245916,-0.204131E-1,0.167686E-17,0.877457E-8,0.222057E-6,-0.817481E-16,0.00000,0.100000E-15,-0.100000E-15,0.00000,0.00000,0.00000,0.00000,0.00000,-0.100000E-15,0.00000,0.158470
0.170370E-3,13.1400,0.354293,0.246274,-0.202769E-1,0.168864E-16,0.292890E-6,0.00000,0.654480E-4,0.00000,0.100000E-15,-0.100000E-15,0.881819E-1,0.419914E-2,0.839828E-1,0.212200E-316,0.839828E-1,0.529351,0.839828E-1,0.200873
0.170370E-3,15.5400,0.354905,0.247597,-0.197743E-1,-0.236356E-16,0.165325E-5,0.00000,0.246190E-3,0.00000,0.100000E-15,-0.100000E-15,0.233110,0.111005E-1,0.222010,0.212200E-316,0.222010,0.920674,0.222010,1.13124
0.170370E-3,16.3350,0.356013,0.249907,-0.188963E-1,-0.997466E-17,0.528312E-5,0.00000,0.448560E-3,0.00000,0.100000E-15,-0.100000E-15,0.340249,0.162023E-1,0.324046,0.212200E-316,0.324046,1.20996,0.324046,3.61222
0.170370E-3,17.2250,0.357484,0.252823,-0.177930E-1,0.921572E-17,0.145127E-4,0.00000,0.603103E-3,0.00000,0.100000E-15,-0.100000E-15,0.419451,0.199739E-1,0.399477,0.212200E-316,0.399477,1.42382,0.399477,9.91420
0.170370E-3,17.7800,0.359262,0.256056,-0.165491E-1,0.130104E-16,0.113846E-4,0.00000,0.722602E-3,0.00000,0.100000E-15,-0.100000E-15,0.478002,0.227620E-1,0.455240,0.212200E-316,0.455240,1.58191,0.455240,7.77311
0.170370E-3,16.2500,0.361279,0.259400,-0.152472E-1,-0.121431E-16,0.909685E-5,0.00000,0.815900E-3,0.00000,0.100000E-15,-0.100000E-15,0.521285,0.248231E-1,0.496462,0.212200E-316,0.496462,1.69878,0.496462,6.22028
0.170370E-3,16.7700,0.362203,0.262714,-0.146869E-1,0.346945E-17,0.794709E-5,0.00000,0.889305E-3,0.511783E-3,0.100000E-15,-0.100000E-15,0.553283,0.263468E-1,0.526936,0.212200E-316,0.526936,1.78518,0.526936,5.43137
0.170370E-3,16.6800,0.362357,0.265910,-0.145960E-1,-0.582759E-17,0.475913E-5,0.00000,0.947444E-3,0.881358E-3,0.100000E-15,-0.100000E-15,0.576937,0.274732E-1,0.549464,0.212200E-316,0.549464,1.84905,0.549464,3.25287
0.170370E-3,16.2300,0.362466,0.268934,-0.145316E-1,0.159649E-16,0.734646E-5,0.00000,0.993781E-3,0.942685E-3,0.100000E-15,-0.100000E-15,0.594424,0.283059E-1,0.566118,0.212200E-316,0.566118,1.89626,0.566118,5.02349
0.170370E-3,16.3350,0.362548,0.271759,-0.144837E-1,0.262648E-16,0.119081E-4,0.00000,0.103094E-2,0.986435E-3,0.100000E-15,-0.100000E-15,0.607351,0.289215E-1,0.578429,0.212200E-316,0.578429,1.93117,0.578429,8.14193
0.170370E-3,16.2200,0.362613,0.274373,-0.144453E-1,-0.799599E-17,0.156408E-4,0.00000,0.106095E-2,0.101904E-2,0.100000E-15,-0.100000E-15,0.616907,0.293765E-1,0.587530,0.212200E-316,0.587530,1.95697,0.587530,10.6952
0.170370E-3,16.7200,0.362655,0.276775,-0.144209E-1,0.307642E-17,0.233382E-4,0.00000,0.108534E-2,0.104531E-2,0.100000E-15,-0.100000E-15,0.623971,0.297129E-1,0.594258,0.212200E-316,0.594258,1.97605,0.594258,15.9511
0.170370E-3,16.8350,0.362710,0.278974,-0.143888E-1,0.524483E-17,0.213006E-4,0.00000,0.110531E-2,0.106200E-2,0.100000E-15,-0.100000E-15,0.629194,0.299616E-1,0.599232,0.212200E-316,0.599232,1.99015,0.599232,14.5568
0.170370E-3,16.2100,0.362768,0.280978,-0.143549E-1,-0.147723E-17,0.144267E-4,0.00000,0.112180E-2,0.108401E-2,0.100000E-15,-0.100000E-15,0.633054,0.301454E-1,0.602909,0.212200E-316,0.602909,2.00057,0.602909,9.86509
0.170370E-3,15.3250,0.362823,0.282800,-0.143234E-1,0.106658E-16,0.644426E-5,0.00000,0.113551E-2,0.110737E-2,0.100000E-15,-0.100000E-15,0.635908,0.302814E-1,0.605627,0.212200E-316,0.605627,2.00828,0.605627,4.41040
0.170370E-3,15.3900,0.362851,0.284454,-0.143069E-1,-0.123192E-16,0.654330E-5,0.00000,0.114701E-2,0.112907E-2,0.100000E-15,-0.100000E-15,0.638018,0.303818E-1,0.607636,0.212200E-316,0.607636,2.01398,0.607636,4.47791
0.170370E-3,15.4400,0.362865,0.285953,-0.142986E-1,-0.393023E-18,0.105343E-4,0.00000,0.115673E-2,0.114047E-2,0.100000E-15,-0.100000E-15,0.639578,0.304561E-1,0.609122,0.212200E-316,0.609122,2.01819,0.609122,7.20882
0.170370E-3,15.3150,0.362897,0.287310,-0.142807E-1,0.329326E-17,0.639630E-5,0.00000,0.116500E-2,0.114619E-2,0.100000E-15,-0.100000E-15,0.640731,0.305110E-1,0.610220,0.212200E-316,0.610220,2.02130,0.610220,4.37762
0.170370E-3,14.8750,0.362921,0.288538,-0.142665E-1,-0.101576E-16,0.366045E-5,0.00000,0.117210E-2,0.115860E-2,0.100000E-15,-0.100000E-15,0.641583,0.305516E-1,0.611032,0.212200E-316,0.611032,2.02360,0.611032,2.50627
0.170370E-3,14.1800,0.362942,0.289648,-0.142543E-1,-0.625449E-17,0.134897E-5,0.00000,0.117822E-2,0.116844E-2,0.100000E-15,-0.100000E-15,0.642214,0.305816E-1,0.611632,0.212200E-316,0.611632,2.02530,0.611632,0.924245
0.170370E-3,13.8150,0.362958,0.290652,-0.142451E-1,0.195495E-16,0.243182E-6,0.00000,0.118354E-2,0.117687E-2,0.100000E-15,-0.100000E-15,0.642679,0.306038E-1,0.612076,0.212200E-316,0.612076,2.02656,0.612076,0.166674
0.170370E-3,14.1400,0.362970,0.291559,-0.142381E-1,0.155176E-17,0.927725E-8,0.00000,0.118819E-2,0.118330E-2,0.100000E-15,-0.100000E-15,0.643024,0.306202E-1,0.612404,0.212200E-316,0.612404,2.02749,0.612404,0.635652E-2
0.170370E-3,13.7300,0.362981,0.292378,-0.142322E-1,-0.300188E-17,0.917536E-8,0.00000,0.119227E-2,0.118818E-2,0.100000E-15,-0.100000E-15,0.643278,0.306323E-1,0.612646,0.212200E-316,0.612646,2.02818,0.612646,0.628919E-2
0.170370E-3,13.7000,0.362990,0.293118,-0.142270E-1,0.102254E-16,0.916792E-8,0.00000,0.119586E-2,0.119226E-2,0.100000E-15,-0.100000E-15,0.643466,0.306413E-1,0.612825,0.212200E-316,0.612825,2.02869,0.612825,0.628427E-2
0.416667E-5,13.5550,0.362789,0.293742,-0.143427E-1,-0.343557E-17,0.145755E-6,0.00000,0.111594E-2,0.119585E-2,0.100000E-15,-0.100000E-15,0.549798,0.261809E-1,0.523617,0.212200E-316,0.523617,1.52007,0.523617,0.999238E-1
0.416667E-5,13.3450,0.361379,0.294029,-0.151857E-1,-0.122515E-16,0.891155E-6,0.00000,0.552554E-3,0.111579E-2,0.100000E-15,-0.100000E-15,0.157500E-1,0.750000E-3,0.150000E-1,0.212200E-316,0.150000E-1,1.52007,0.150000E-1,0.611062
0.416667E-5,12.9100,0.360067,0.294044,-0.160165E-1,0.726415E-17,0.263905E-5,0.00000,0.294037E-4,0.551663E-3,0.100000E-15,-0.100000E-15,0.157500E-1,0.750000E-3,0.150000E-1,0.212200E-316,0.150000E-1,1.52007,0.150000E-1,1.81034
0.416667E-5,12.9850,0.360054,0.294059,-0.160251E-1,0.184577E-16,0.795471E-5,0.00000,0.294052E-4,0.267646E-4,0.100000E-15,-0.100000E-15,0.157500E-1,0.750000E-3,0.150000E-1,0.212200E-316,0.150000E-1,1.52007,0.150000E-1,5.45640
0.416667E-5,13.3900,0.360027,0.294074,-0.160426E-1,-0.493312E-17,0.187017E-4,0.00000,0.294067E-4,0.214505E-4,0.100000E-15,-0.100000E-15,0.157500E-1,0.750000E-3,0.150000E-1,0.212200E-316,0.150000E-1,1.52007,0.150000E-1,12.8231
0.416667E-5,14.0450,0.359993,0.294089,-0.160644E-1,0.886674E-17,0.320665E-4,0.00000,0.294081E-4,0.107050E-4,0.100000E-15,-0.100000E-15,0.157500E-1,0.750000E-3,0.150000E-1,0.212200E-316,0.150000E-1,1.52007,0.150000E-1,21.9731
0.416667E-5,15.5250,0.359940,0.294104,-0.160993E-1,0.748438E-17,0.507838E-4,0.00000,0.294096E-4,0.00000,0.100000E-15,-0.100000E-15,0.157500E-1,0.750000E-3,0.150000E-1,0.212200E-316,0.150000E-1,1.52007,0.150000E-1,34.7494
0.416667E-5,15.8250,0.359873,0.294118,-0.161434E-1,0.246317E-17,0.563117E-4,0.00000,0.294111E-4,0.00000,0.100000E-15,-0.100000E-15,0.157500E-1,0.750000E-3,0.150000E-1,0.212200E-316,0.150000E-1,1.52007,0.150000E-1,38.5208
0.416667E-5,16.4550,0.359780,0.294133,-0.162041E-1,0.317129E-17,0.663402E-4,0.00000,0.294126E-4,0.00000,0.100000E-15,-0.100000E-15,0.157500E-1,0.750000E-3,0.150000E-1,0.424399E-316,0.150000E-1,1.52007,0.150000E-1,45.3534
0.416667E-5,16.7950,0.359677,0.294148,-0.162722E-1,0.102999E-16,0.706872E-4,0.00000,0.294140E-4,0.00000,0.100000E-15,-0.100000E-15,0.157500E-1,0.750000E-3,0.150000E-1,0.212200E-316,0.150000E-1,1.52007,0.150000E-1,48.3094
0.416667E-5,16.7500,0.359570,0.294162,-0.163435E-1,-0.317129E-17,0.723893E-4,0.00000,0.294155E-4,0.00000,0.100000E-15,-0.100000E-15,0.157500E-1,0.750000E-3,0.150000E-1,0.212200E-316,0.150000E-1,1.52007,0.150000E-1,49.4748
0.416667E-5,16.6150,0.359464,0.294177,-0.164139E-1,-0.170355E-16,0.716780E-4,0.00000,0.294169E-4,0.00000,0.100000E-15,-0.100000E-15,0.157500E-1,0.750000E-3,0.150000E-1,0.212200E-316,0.150000E-1,1.52007,0.150000E-1,48.9951
0.416667E-5,16.8050,0.359360,0.294191,-0.164838E-1,0.838901E-17,0.712271E-4,0.00000,0.294184E-4,0.00000,0.100000E-15,-0.100000E-15,0.157500E-1,0.750000E-3,0.150000E-1,0.212200E-316,0.150000E-1,1.52007,0.150000E-1,48.6779
0.416667E-5,17.1100,0.359265,0.294206,-0.165476E-1,-0.376760E-17,0.673815E-4,0.00000,0.294199E-4,0.00000,0.100000E-15,-0.100000E-15,0.157500E-1,0.750000E-3,0.150000E-1,0.424399E-316,0.150000E-1,1.52007,0.150000E-1,46.0363
0.416667E-5,17.0050,0.359187,0.294220,-0.166003E-1,-0.126513E-16,0.606400E-4,0.00000,0.294213E-4,0.00000,0.100000E-15,-0.100000E-15,0.157500E-1,0.750000E-3,0.150000E-1,0.212200E-316,0.150000E-1,1.52007,0.150000E-1,41.4345
0.416667E-5,16.8200,0.359130,0.294235,-0.166382E-1,0.137219E-17,0.518815E-4,0.00000,0.294227E-4,0.00000,0.100000E-15,-0.100000E-15,0.157500E-1,0.750000E-3,0.150000E-1,0.212200E-316,0.150000E-1,1.52007,0.150000E-1,35.4563
0.416667E-5,16.2800,0.359104,0.294249,-0.166561E-1,0.438085E-17,0.399639E-4,0.00000,0.294242E-4,0.00000,0.100000E-15,-0.100000E-15,0.157500E-1,0.750000E-3,0.150000E-1,0.212200E-316,0.150000E-1,1.52007,0.150000E-1,27.3259
0.416667E-5,15.6550,0.359112,0.294263,-0.166507E-1,-0.814253E-17,0.262235E-4,0.00000,0.294256E-4,0.00000,0.100000E-15,-0.100000E-15,0.157500E-1,0.750000E-3,0.150000E-1,0.212200E-316,0.150000E-1,1.52007,0.150000E-1,17.9415
0.416667E-5,14.3700,0.359157,0.294278,-0.166201E-1,0.118212E-16,0.113656E-4,0.00000,0.294271E-4,0.00000,0.100000E-15,-0.100000E-15,0.157500E-1,0.750000E-3,0.150000E-1,0.212200E-316,0.150000E-1,1.52007,0.150000E-1,7.78567
0.416667E-5,11.3100,0.359224,0.294292,-0.165750E-1,0.440457E-17,0.273864E-5,0.00000,0.294285E-4,0.00000,0.100000E-15,-0.100000E-15,0.157500E-1,0.750000E-3,0.150000E-1,0.212200E-316,0.150000E-1,1.52007,0.150000E-1,1.88155
0.416667E-5,8.24002,0.359297,0.294306,-0.165260E-1,0.848388E-17,0.337726E-6,0.00000,0.294299E-4,0.00000,0.100000E-15,-0.100000E-15,0.157500E-1,0.750000E-3,0.150000E-1,0.212200E-316,0.150000E-1,1.52007,0.150000E-1,0.232712
0.416667E-5,7.09500,0.359370,0.294321,-0.164766E-1,0.126377E-16,0.758867E-8,0.00000,0.294313E-4,0.00000,0.100000E-15,-0.100000E-15,0.157500E-1,0.750000E-3,0.150000E-1,0.212200E-316,0.150000E-1,1.52007,0.150000E-1,0.523474E-2
0.416667E-5,6.03000,0.359444,0.294335,-0.164274E-1,0.788079E-17,0.734513E-8,0.00000,0.294328E-4,0.00000,0.100000E-15,-0.100000E-15,0.157500E-1,0.750000E-3,0.150000E-1,0.212200E-316,0.150000E-1,1.52007,0.150000E-1,0.507190E-2
0.416667E-5,5.63000,0.359517,0.294349,-0.163783E-1,0.100966E-16,0.725447E-8,0.00000,0.294342E-4,0.00000,0.100000E-15,-0.100000E-15,0.157500E-1,0.750000E-3,0.150000E-1,0.212200E-316,0.150000E-1,1.52007,0.150000E-1,0.501121E-2
0.00000,6.45499,0.360745,0.294580,-0.155817E-1,-0.123599E-16,0.241026E-6,0.00000,0.491075E-3,0.00000,0.100000E-15,-0.100000E-15,0.535561,0.255029E-1,0.510058,0.472888E-5,0.510058,1.00528,0.510058,3.43039
0.00000,6.42001,0.361312,0.294744,-0.152268E-1,0.677626E-18,0.110985E-5,0.287602E-5,0.526097E-3,0.297799E-3,0.100000E-15,-0.100000E-15,0.00000,0.00000,0.00000,0.107645E-4,-0.111022E-15,0.994518,0.00000,10.1815
0.00000,6.78500,0.359992,0.294450,-0.160655E-1,-0.292735E-17,0.334873E-5,0.117562E-4,-0.982262E-16,0.524987E-3,0.100000E-15,-0.100000E-15,0.00000,0.00000,0.00000,0.256357E-4,0.208167E-16,0.968882,0.00000,28.1116
0.00000,11.6500,0.359946,0.293346,-0.160953E-1,-0.166696E-16,0.182027E-4,0.441733E-4,-0.981270E-16,0.00000,0.100000E-15,-0.100000E-15,0.00000,0.00000,0.00000,0.114718E-3,-0.277556E-16,0.854164,0.00000,121.630
0.00000,14.7150,0.359860,0.291552,-0.161515E-1,-0.135119E-16,0.342947E-4,0.717668E-4,-0.977542E-16,0.00000,0.100000E-15,-0.100000E-15,0.00000,0.00000,0.00000,0.188901E-3,0.277556E-16,0.665263,0.00000,201.989
0.00000,15.6100,0.359751,0.289083,-0.162232E-1,-0.151788E-17,0.435998E-4,0.987397E-4,-0.971487E-16,0.00000,0.100000E-15,-0.100000E-15,0.00000,0.00000,0.00000,0.233963E-3,0.00000,0.431300,0.00000,257.468
0.00000,16.2850,0.359618,0.285970,-0.163115E-1,0.115196E-16,0.533622E-4,0.124527E-3,-0.963156E-16,0.00000,0.100000E-15,-0.100000E-15,0.00000,0.00000,0.00000,0.285465E-3,0.00000,0.145834,0.00000,316.824
0.00000,17.1100,0.359457,0.282309,-0.164183E-1,0.219822E-16,0.642252E-4,0.146435E-3,-0.952648E-16,0.00000,0.100000E-15,-0.100000E-15,0.00000,0.00000,0.00000,0.145834E-3,0.00000,-0.111022E-15,0.00000,243.564
0.00000,18.1900,0.359263,0.278311,-0.165485E-1,0.247469E-16,0.776360E-4,0.159920E-3,-0.940293E-16,0.00000,0.100000E-15,-0.100000E-15,0.00000,0.00000,0.00000,-0.110223E-19,0.00000,-0.100000E-15,0.00000,162.134
0.00000,17.5900,0.359096,0.274971,-0.166617E-1,-0.623416E-18,0.669801E-4,0.133615E-3,-0.926799E-16,0.00000,0.100000E-15,-0.100000E-15,0.00000,0.00000,0.00000,0.00000,0.00000,-0.100000E-15,0.00000,136.987
0.00000,18.1600,0.358880,0.270525,-0.168088E-1,0.113841E-16,0.863773E-4,0.177837E-3,-0.915525E-16,0.00000,0.100000E-15,-0.100000E-15,0.00000,0.00000,0.00000,0.00000,0.00000,-0.100000E-15,0.00000,180.333
0.00000,18.1400,0.358671,0.266378,-0.169523E-1,0.133899E-16,0.834747E-4,0.165897E-3,-0.900520E-16,0.00000,0.100000E-15,-0.100000E-15,0.00000,0.00000,0.00000,0.00000,0.00000,-0.100000E-15,0.00000,170.206
0.00000,18.1500,0.358475,0.262507,-0.170880E-1,0.384892E-17,0.783060E-4,0.154836E-3,-0.886522E-16,0.00000,0.100000E-15,-0.100000E-15,0.00000,0.00000,0.00000,0.00000,0.00000,-0.100000E-15,0.00000,159.127
0.00000,17.5500,0.358331,0.259803,-0.171890E-1,0.151517E-16,0.577980E-4,0.108164E-3,-0.873457E-16,0.00000,0.100000E-15,-0.100000E-15,0.00000,0.00000,0.00000,0.00000,0.00000,-0.100000E-15,0.00000,113.340
0.00000,16.3800,0.358250,0.258444,-0.172458E-1,0.856520E-17,0.323708E-4,0.543393E-4,-0.864331E-16,0.00000,0.100000E-15,-0.100000E-15,0.00000,0.00000,0.00000,0.00000,0.00000,-0.100000E-15,0.00000,59.2836
0.00000,15.7200,0.358199,0.257625,-0.172814E-1,0.384214E-17,0.202411E-4,0.327846E-4,-0.859746E-16,0.00000,0.100000E-15,-0.100000E-15,0.00000,0.00000,0.00000,0.00000,0.00000,-0.100000E-15,0.00000,36.2766
0.00000,14.9500,0.358165,0.257062,-0.173054E-1,-0.437747E-17,0.136343E-4,0.225199E-4,-0.856979E-16,0.00000,0.100000E-15,-0.100000E-15,0.00000,0.00000,0.00000,0.00000,0.00000,-0.100000E-15,0.00000,24.7526
0.00000,14.5100,0.358147,0.256734,-0.173185E-1,0.335425E-18,0.742481E-5,0.131166E-4,-0.855079E-16,0.00000,0.100000E-15,-0.100000E-15,0.00000,0.00000,0.00000,0.00000,0.00000,-0.100000E-15,0.00000,14.0694
0.00000,14.0700,0.358138,0.256554,-0.173248E-1,0.541593E-17,0.356223E-5,0.720328E-5,-0.853972E-16,0.00000,0.100000E-15,-0.100000E-15,0.00000,0.00000,0.00000,0.00000,0.00000,-0.100000E-15,0.00000,7.37673
0.00000,13.8600,0.358135,0.256465,-0.173266E-1,0.127597E-16,0.988044E-6,0.354884E-5,-0.853365E-16,0.00000,0.100000E-15,-0.100000E-15,0.00000,0.00000,0.00000,0.00000,0.00000,-0.100000E-15,0.00000,3.10938
0.00000,13.8900,0.358135,0.256403,-0.173268E-1,-0.659330E-17,0.154397E-6,0.248606E-5,-0.853065E-16,0.00000,0.100000E-15,-0.100000E-15,0.00000,0.00000,0.00000,0.00000,0.00000,-0.100000E-15,0.00000,1.80960
0.00000,14.0500,0.358135,0.256356,-0.173269E-1,-0.102239E-16,0.925481E-8,0.185149E-5,-0.852856E-16,0.00000,0.100000E-15,-0.100000E-15,0.00000,0.00000,0.00000,0.00000,0.00000,-0.100000E-15,0.00000,1.27504
0.00000,13.8750,0.358135,0.256336,-0.173269E-1,0.134263E-16,0.921130E-8,0.818835E-6,-0.852699E-16,0.00000,0.100000E-15,-0.100000E-15,0.00000,0.00000,0.00000,0.00000,0.00000,-0.100000E-15,0.00000,0.567500
0.00000,14.0100,0.358135,0.256317,-0.173269E-1,0.242971E-17,0.353068E-7,0.774201E-6,-0.852630E-16,0.00000,0.100000E-15,-0.100000E-15,0.00000,0.00000,0.00000,0.00000,0.00000,-0.100000E-15,0.00000,0.554722
